1 520 0.2258064516129032
2 1125 0.49999999999999994
2 469 0.4358974358974359
2 539 0.42105263157894735
2 535 0.4102564102564102
2 1139 0.4
2 209 0.39999999999999997
2 574 0.38461538461538464
2 2 0.3684210526315789
2 1289 0.36363636363636365
2 1166 0.35294117647058826
2 565 0.3529411764705882
2 1103 0.35
2 1100 0.33333333333333337
2 615 0.3333333333333333
2 827 0.3333333333333333
2 459 0.32727272727272727
2 509 0.3269230769230769
2 66 0.3260869565217391
2 501 0.325
2 1053 0.32432432432432434
2 454 0.3225806451612903
2 1112 0.3225806451612903
2 1136 0.32258064516129026
2 1158 0.3214285714285714
2 887 0.3214285714285714
2 254 0.3191489361702127
2 458 0.31428571428571433
2 538 0.31428571428571433
2 276 0.30952380952380953
2 1282 0.3076923076923077
2 1121 0.3055555555555556
2 534 0.30158730158730157
2 1296 0.30000000000000004
2 1122 0.3
2 1405 0.3
2 1038 0.2972972972972973
2 1155 0.2954545454545454
2 347 0.2916666666666667
2 1116 0.2916666666666667
2 372 0.2857142857142857
2 445 0.28378378378378377
2 1092 0.2833333333333333
2 175 0.2833333333333333
2 886 0.28
2 114 0.27906976744186046
2 1012 0.27906976744186046
2 502 0.27692307692307694
2 611 0.2763157894736842
2 1223 0.27586206896551724
2 1305 0.275
2 147 0.27450980392156865
2 1191 0.2745098039215686
2 54 0.27272727272727276
2 532 0.2727272727272727
2 1128 0.2727272727272727
2 1170 0.2727272727272727
2 872 0.2727272727272727
2 1410 0.2708333333333333
2 137 0.2702702702702703
2 1264 0.2682926829268293
2 648 0.2676056338028169
2 1156 0.26666666666666666
2 1161 0.26666666666666666
2 29 0.2647058823529412
2 1143 0.2641509433962264
2 180 0.2608695652173913
2 803 0.2608695652173913
2 526 0.26
2 474 0.25925925925925924
2 1094 0.25925925925925924
2 1102 0.25925925925925924
2 1101 0.25806451612903225
2 607 0.2564102564102564
2 839 0.25609756097560976
2 176 0.25555555555555554
2 363 0.2545454545454545
2 1078 0.2542372881355932
2 717 0.25
2 907 0.25
2 1089 0.25
2 135 0.24999999999999994
2 599 0.24489795918367346
2 471 0.2444444444444444
2 152 0.24242424242424243
2 362 0.24242424242424243
2 1096 0.24242424242424243
2 122 0.24193548387096775
2 60 0.24
2 1105 0.23943661971830987
2 1373 0.23809523809523808
2 375 0.23636363636363636
2 85 0.23595505617977527
2 1307 0.23529411764705882
2 1171 0.2345679012345679
2 630 0.2336448598130841
2 461 0.23076923076923078
2 1110 0.23076923076923078
2 621 0.22950819672131145
2 1190 0.22807017543859648
2 1413 0.2272727272727273
2 540 0.22727272727272727
2 848 0.22727272727272727
2 1022 0.22727272727272727
2 179 0.22448979591836732
2 704 0.22388059701492535
2 434 0.22222222222222224
2 733 0.22222222222222224
2 323 0.2222222222222222
2 1059 0.2222222222222222
2 963 0.22123893805309736
2 1077 0.22058823529411764
2 490 0.22018348623853212
2 481 0.22
2 874 0.2173913043478261
2 336 0.21568627450980393
2 1298 0.21568627450980393
2 488 0.21311475409836067
2 1173 0.21311475409836067
2 67 0.21250000000000002
2 451 0.21052631578947367
2 591 0.2096774193548387
2 1027 0.2096774193548387
2 354 0.20930232558139533
2 1081 0.20833333333333331
2 225 0.20754716981132076
2 177 0.20754716981132076
2 299 0.20689655172413796
2 743 0.20652173913043476
2 1106 0.20588235294117646
2 1179 0.2051282051282051
2 508 0.2037037037037037
2 655 0.20353982300884957
2 842 0.2033898305084746
2 707 0.2033898305084746
2 1367 0.203125
2 429 0.20238095238095238
2 853 0.2
2 1220 0.2
2 1283 0.2
2 36 0.2
2 689 0.2
3 539 1.3157894736842102
3 1125 0.8333333333333333
3 565 0.823529411764706
3 469 0.8205128205128205
3 454 0.7741935483870969
3 631 0.7142857142857143
3 1166 0.7058823529411765
3 1139 0.7
3 509 0.6923076923076922
3 1405 0.6666666666666666
3 1158 0.6607142857142857
3 574 0.6538461538461539
3 1122 0.65
3 1136 0.6451612903225805
3 175 0.6333333333333334
3 1103 0.625
3 1116 0.625
3 1282 0.6153846153846154
3 1089 0.6071428571428571
3 851 0.6060606060606061
3 459 0.6000000000000001
3 827 0.6
3 1156 0.6
3 445 0.5945945945945944
3 29 0.5882352941176471
3 717 0.5833333333333334
3 114 0.5813953488372092
3 1112 0.5806451612903225
3 471 0.5777777777777777
3 372 0.5714285714285714
3 895 0.5689655172413792
3 1155 0.5681818181818181
3 66 0.5652173913043478
3 1078 0.559322033898305
3 817 0.5573770491803279
3 85 0.550561797752809
3 1191 0.5490196078431372
3 1101 0.5483870967741935
3 1096 0.5454545454545454
3 1053 0.5405405405405406
3 461 0.5384615384615384
3 1100 0.5333333333333333
3 1161 0.5333333333333333
3 254 0.5319148936170213
3 599 0.5306122448979592
3 575 0.5258620689655173
3 615 0.5217391304347826
3 60 0.52
3 1094 0.5185185185185185
3 835 0.5135135135135136
3 535 0.5128205128205128
3 363 0.509090909090909
3 1059 0.5
3 1081 0.5
3 1305 0.5
3 1134 0.49019607843137253
3 434 0.48888888888888893
3 733 0.4888888888888889
3 1012 0.4883720930232558
3 137 0.4864864864864865
3 152 0.48484848484848486
3 362 0.48484848484848486
3 122 0.4838709677419355
3 1171 0.48148148148148145
3 73 0.47619047619047616
3 1190 0.47368421052631576
3 1170 0.4727272727272728
3 1128 0.47272727272727266
3 458 0.4714285714285715
3 538 0.4714285714285715
3 1307 0.4705882352941177
3 630 0.45794392523364486
3 540 0.45454545454545453
3 829 0.4545454545454545
3 1105 0.45070422535211263
3 611 0.4473684210526315
3 803 0.44565217391304346
3 323 0.4444444444444444
3 1102 0.4444444444444444
3 1121 0.4444444444444444
3 474 0.4444444444444443
3 1162 0.44262295081967207
3 429 0.4404761904761905
3 1297 0.4375
3 1164 0.4333333333333333
3 179 0.42857142857142855
3 1173 0.4262295081967214
3 972 0.4186046511627908
3 585 0.41666666666666663
3 1092 0.41666666666666663
3 321 0.41489361702127664
3 518 0.4146341463414634
3 1223 0.41379310344827586
3 1364 0.41379310344827586
3 607 0.41025641025641024
3 648 0.4084507042253521
3 1120 0.4051724137931034
3 487 0.4032258064516129
3 375 0.4
3 1220 0.4
3 1296 0.4
3 1077 0.3970588235294118
3 965 0.3928571428571429
3 1326 0.38461538461538464
3 1138 0.38095238095238093
3 837 0.38
3 318 0.3783783783783784
3 839 0.37804878048780494
3 176 0.37777777777777777
3 453 0.37735849056603776
3 621 0.3770491803278689
3 640 0.375
3 1298 0.37254901960784315
3 460 0.3703703703703704
3 166 0.37
3 2 0.3684210526315789
3 1368 0.3658536585365853
3 1413 0.3636363636363637
3 1022 0.36363636363636365
3 1289 0.36363636363636365
3 1295 0.36363636363636365
3 1303 0.36363636363636365
3 67 0.36249999999999993
3 180 0.36231884057971014
3 488 0.36065573770491804
3 481 0.36000000000000004
3 853 0.36
3 1367 0.359375
3 1179 0.358974358974359
3 516 0.3561643835616438
3 347 0.35416666666666663
3 346 0.35294117647058826
3 1106 0.35294117647058826
3 1361 0.34782608695652173
3 956 0.3461538461538462
3 133 0.34615384615384615
3 135 0.34210526315789463
3 463 0.33999999999999997
3 526 0.33999999999999997
3 707 0.3389830508474576
3 591 0.33870967741935476
3 1027 0.33870967741935476
3 1038 0.3378378378378379
3 590 0.3375
3 605 0.33333333333333337
3 147 0.3333333333333333
3 690 0.3333333333333333
3 1283 0.3333333333333333
3 1383 0.3333333333333333
3 501 0.32500000000000007
3 560 0.3230769230769231
3 1107 0.32
3 655 0.31858407079646023
3 1373 0.31746031746031744
3 451 0.3157894736842105
3 1115 0.3157894736842105
3 730 0.3137254901960784
3 1323 0.3125
3 310 0.31067961165048535
3 462 0.30952380952380953
3 338 0.3076923076923077
3 1084 0.3076923076923077
3 1110 0.3076923076923077
3 1447 0.3076923076923077
3 780 0.30555555555555564
3 871 0.3055555555555555
3 327 0.30392156862745096
3 532 0.30303030303030304
3 473 0.303030303030303
3 534 0.30158730158730157
3 57 0.3
3 478 0.3
3 658 0.3
3 163 0.29885057471264365
3 61 0.2987012987012987
3 1224 0.29729729729729737
3 376 0.2971014492753623
3 513 0.296875
3 456 0.296875
3 1181 0.29508196721311475
3 806 0.29411764705882354
3 490 0.29357798165137616
3 1113 0.2931034482758621
3 1264 0.29268292682926833
3 131 0.2920353982300885
3 644 0.29166666666666674
3 1153 0.29166666666666663
3 136 0.29007633587786263
3 826 0.2876712328767123
3 515 0.2875000000000001
3 496 0.2857142857142857
3 684 0.2857142857142857
3 1095 0.2857142857142857
3 1448 0.2857142857142857
3 598 0.2846153846153846
3 572 0.28431372549019607
3 703 0.2833333333333333
3 942 0.2807017543859649
3 123 0.27932960893854747
3 373 0.27884615384615385
3 202 0.2777777777777778
3 444 0.2777777777777778
3 533 0.27692307692307694
3 1309 0.27611940298507465
3 3 0.2741935483870968
3 1098 0.2727272727272727
3 1419 0.2720000000000001
3 1037 0.27184466019417475
3 650 0.2711864406779661
3 378 0.2702702702702703
3 1169 0.2702702702702703
3 95 0.26923076923076916
3 786 0.26666666666666666
3 63 0.26666666666666666
3 592 0.26666666666666666
3 1011 0.26666666666666666
3 544 0.26605504587155965
3 241 0.2658227848101266
3 595 0.2647058823529411
3 74 0.2638888888888889
3 140 0.2631578947368421
3 1127 0.2631578947368421
3 525 0.26229508196721313
3 967 0.2608695652173913
3 577 0.25925925925925924
3 475 0.25806451612903225
3 925 0.25806451612903225
3 1076 0.25806451612903225
3 389 0.2571428571428572
3 629 0.2571428571428571
3 664 0.2569444444444445
3 651 0.2553191489361702
3 642 0.25490196078431376
3 567 0.2549019607843137
3 606 0.25384615384615383
3 907 0.25
3 971 0.25
3 982 0.25
3 1284 0.25
3 126 0.24861878453038674
3 497 0.24806201550387597
3 519 0.24719101123595505
3 486 0.24691358024691357
3 440 0.2465753424657534
3 159 0.24561403508771928
3 805 0.24561403508771928
3 1208 0.24528301886792453
3 396 0.24528301886792453
3 641 0.24489795918367346
3 1428 0.24324324324324326
3 1362 0.24271844660194175
3 1126 0.24242424242424243
3 1174 0.24193548387096775
3 761 0.2413793103448276
3 1198 0.24074074074074073
3 1130 0.23809523809523808
3 625 0.23809523809523808
3 138 0.2376237623762376
3 477 0.23684210526315785
3 680 0.23529411764705885
3 121 0.23529411764705882
3 1178 0.23529411764705882
3 1408 0.23469387755102042
3 81 0.234375
3 652 0.234375
3 582 0.2337662337662338
3 1099 0.23255813953488372
3 686 0.2321428571428571
3 388 0.23148148148148145
3 319 0.2307692307692308
3 71 0.23076923076923075
3 1123 0.22916666666666666
3 883 0.22891566265060243
3 129 0.22857142857142862
3 1258 0.2285714285714286
3 537 0.22857142857142856
3 15 0.2272727272727273
3 722 0.22666666666666668
3 1114 0.22641509433962265
3 1143 0.22641509433962265
3 1129 0.22499999999999998
3 910 0.22413793103448273
3 334 0.22222222222222227
3 274 0.2222222222222222
3 386 0.2222222222222222
3 771 0.2222222222222222
3 1431 0.2222222222222222
3 510 0.2222222222222222
3 449 0.22058823529411767
3 646 0.21978021978021978
3 1407 0.21978021978021978
3 119 0.21951219512195125
3 68 0.21929824561403508
3 309 0.2191780821917808
3 1117 0.21875
3 656 0.2169811320754717
3 660 0.21666666666666665
3 156 0.21649484536082472
3 1104 0.21621621621621623
3 502 0.2153846153846154
3 243 0.21333333333333335
3 1054 0.2116788321167883
3 448 0.21153846153846154
3 681 0.21052631578947367
3 719 0.21052631578947367
3 132 0.2100840336134454
3 639 0.2096774193548387
3 844 0.20930232558139536
3 1124 0.20710059171597633
3 715 0.20689655172413793
3 807 0.20652173913043476
3 514 0.20512820512820515
3 840 0.20512820512820512
3 468 0.2051282051282051
3 727 0.2040816326530612
3 790 0.2040816326530612
3 27 0.2033898305084746
3 583 0.203125
3 659 0.203125
3 472 0.20212765957446804
3 446 0.20192307692307693
3 553 0.2
3 814 0.2
3 846 0.2
3 966 0.2
3 1175 0.2
3 689 0.2
4 509 1.0576923076923077
4 615 0.6666666666666667
4 565 0.6176470588235294
4 444 0.6111111111111112
4 362 0.6060606060606061
4 1136 0.564516129032258
4 663 0.5599999999999999
4 1125 0.5416666666666666
4 448 0.5096153846153847
4 644 0.5000000000000001
4 1296 0.5
4 689 0.5
4 631 0.49999999999999994
4 51 0.4999999999999999
4 564 0.4943820224719102
4 61 0.49350649350649356
4 659 0.484375
4 895 0.482758620689655
4 956 0.4807692307692307
4 754 0.48
4 539 0.4736842105263157
4 1170 0.4545454545454546
4 829 0.45454545454545453
4 591 0.4516129032258064
4 518 0.43902439024390255
4 483 0.43037974683544317
4 1281 0.4242424242424242
4 575 0.42241379310344823
4 1127 0.42105263157894735
4 510 0.41666666666666674
4 1290 0.41666666666666663
4 309 0.410958904109589
4 1413 0.4090909090909091
4 682 0.4
4 872 0.4
4 1139 0.39999999999999997
4 486 0.3950617283950617
4 451 0.39473684210526316
4 1327 0.38983050847457634
4 871 0.38888888888888895
4 487 0.38709677419354827
4 68 0.38596491228070184
4 458 0.3857142857142858
4 538 0.3857142857142858
4 1282 0.38461538461538464
4 1419 0.38400000000000006
4 806 0.3823529411764706
4 526 0.38
4 501 0.37500000000000006
4 1117 0.375
4 514 0.37179487179487175
4 508 0.37037037037037035
4 826 0.3698630136986301
4 459 0.36363636363636365
4 54 0.36363636363636365
4 515 0.36250000000000004
4 481 0.3600000000000001
4 853 0.36
4 492 0.35999999999999993
4 468 0.35897435897435903
4 989 0.3584905660377358
4 611 0.35526315789473684
4 445 0.3513513513513513
4 175 0.35
4 85 0.348314606741573
4 630 0.34579439252336447
4 661 0.3428571428571429
4 71 0.34065934065934056
4 651 0.3404255319148936
4 254 0.34042553191489355
4 779 0.33783783783783783
4 446 0.3365384615384617
4 1100 0.33333333333333337
4 605 0.3333333333333333
4 1165 0.3333333333333333
4 1448 0.3333333333333333
4 471 0.3333333333333333
4 827 0.3333333333333333
4 534 0.3333333333333333
4 805 0.3333333333333333
4 421 0.3333333333333333
4 710 0.3333333333333333
4 1191 0.33333333333333326
4 649 0.32608695652173914
4 72 0.32432432432432434
4 1038 0.32432432432432434
4 454 0.3225806451612903
4 62 0.3214285714285714
4 1143 0.32075471698113206
4 1164 0.31666666666666665
4 1190 0.3157894736842105
4 642 0.3137254901960784
4 1134 0.31372549019607837
4 67 0.31250000000000006
4 69 0.3125
4 579 0.31182795698924726
4 1162 0.3114754098360656
4 488 0.3114754098360656
4 434 0.3111111111111111
4 603 0.31034482758620685
4 73 0.30952380952380953
4 699 0.30952380952380953
4 1171 0.30864197530864196
4 472 0.3085106382978723
4 1054 0.3065693430656934
4 503 0.3058823529411765
4 1078 0.3050847457627119
4 66 0.3043478260869565
4 1126 0.30303030303030304
4 972 0.3023255813953488
4 660 0.3
4 703 0.3
4 740 0.3
4 318 0.2972972972972973
4 577 0.2962962962962963
4 482 0.2962962962962963
4 648 0.2957746478873239
4 1120 0.29310344827586204
4 741 0.2926829268292683
4 502 0.2923076923076923
4 519 0.2921348314606742
4 347 0.29166666666666663
4 1124 0.28994082840236685
4 135 0.2894736842105262
4 733 0.28888888888888886
4 319 0.2884615384615385
4 728 0.28846153846153844
4 86 0.28750000000000003
4 731 0.28735632183908044
4 966 0.28571428571428575
4 625 0.2857142857142857
4 727 0.2857142857142857
4 595 0.28431372549019607
4 704 0.28358208955223874
4 840 0.28205128205128205
4 469 0.28205128205128205
4 523 0.2794117647058823
4 1173 0.27868852459016397
4 1366 0.27868852459016397
4 1225 0.2777777777777778
4 167 0.2758620689655173
4 715 0.27586206896551724
4 1103 0.275
4 461 0.27472527472527475
4 1391 0.273972602739726
4 702 0.2727272727272727
4 833 0.2727272727272727
4 532 0.2727272727272727
4 851 0.2727272727272727
4 1289 0.2727272727272727
4 1295 0.2727272727272727
4 801 0.27142857142857146
4 650 0.2711864406779661
4 707 0.2711864406779661
4 1130 0.2698412698412698
4 574 0.2692307692307693
4 119 0.2682926829268293
4 1280 0.26666666666666666
4 1405 0.26666666666666666
4 562 0.264367816091954
4 647 0.2631578947368421
4 1372 0.25862068965517243
4 1112 0.25806451612903225
4 670 0.25757575757575757
4 389 0.2571428571428572
4 1224 0.2567567567567568
4 1179 0.2564102564102564
4 1368 0.25609756097560976
4 176 0.25555555555555554
4 596 0.25555555555555554
4 654 0.2549019607843137
4 336 0.2549019607843137
4 553 0.2545454545454546
4 709 0.25225225225225223
4 637 0.25000000000000006
4 530 0.25000000000000006
4 1024 0.25
4 739 0.25
4 466 0.25
4 1305 0.25
4 780 0.25
4 1121 0.25
4 1081 0.25
4 165 0.24999999999999997
4 1092 0.24999999999999997
4 866 0.24999999999999994
4 1089 0.24999999999999994
4 695 0.24615384615384617
4 621 0.24590163934426226
4 576 0.2452830188679245
4 179 0.24489795918367344
4 49 0.24418604651162792
4 1264 0.2439024390243902
4 485 0.2439024390243902
4 522 0.24358974358974358
4 310 0.2427184466019417
4 1096 0.24242424242424243
4 1174 0.2419354838709677
4 639 0.2419354838709677
4 819 0.2417582417582418
4 305 0.24074074074074073
4 778 0.24074074074074073
4 671 0.2405063291139241
4 64 0.23958333333333334
4 484 0.23913043478260865
4 737 0.23880597014925364
4 58 0.23863636363636362
4 606 0.23846153846153847
4 429 0.2380952380952381
4 335 0.23809523809523808
4 372 0.23809523809523808
4 294 0.23636363636363641
4 74 0.23611111111111116
4 84 0.2361111111111111
4 1077 0.23529411764705885
4 1307 0.23529411764705882
4 1132 0.23529411764705882
4 1106 0.23529411764705882
4 1166 0.23529411764705882
4 566 0.2345679012345679
4 734 0.23333333333333334
4 504 0.2328767123287671
4 114 0.23255813953488372
4 1140 0.23214285714285715
4 45 0.2321428571428571
4 965 0.2321428571428571
4 381 0.2315789473684211
4 1040 0.23076923076923078
4 1072 0.23076923076923078
4 1110 0.23076923076923078
4 535 0.23076923076923075
4 1245 0.23
4 378 0.22972972972972974
4 1160 0.22950819672131145
4 883 0.22891566265060245
4 880 0.22807017543859648
4 259 0.22807017543859648
4 292 0.22727272727272732
4 645 0.22641509433962265
4 452 0.22641509433962262
4 1109 0.22641509433962262
4 467 0.22580645161290322
4 868 0.22580645161290322
4 1105 0.22535211267605637
4 447 0.22535211267605637
4 738 0.225
4 57 0.22499999999999998
4 1360 0.22368421052631576
4 321 0.2234042553191489
4 388 0.2222222222222222
4 1197 0.2222222222222222
4 636 0.22162162162162163
4 825 0.22115384615384615
4 419 0.22105263157894742
4 491 0.2195121951219512
4 1293 0.21875
4 363 0.2181818181818182
4 1128 0.21818181818181817
4 180 0.21739130434782608
4 478 0.21666666666666665
4 690 0.21666666666666665
4 742 0.21621621621621623
4 1053 0.21621621621621623
4 1341 0.21621621621621623
4 960 0.21428571428571425
4 617 0.21348314606741572
4 31 0.21333333333333335
4 655 0.21238938053097342
4 490 0.21100917431192662
4 1074 0.21052631578947367
4 1115 0.21052631578947367
4 1137 0.21052631578947367
4 2 0.21052631578947367
4 898 0.2096774193548387
4 948 0.20967741935483863
4 354 0.20930232558139533
4 1012 0.20930232558139533
4 35 0.20930232558139533
4 1116 0.20833333333333337
4 1223 0.20689655172413796
4 1364 0.20689655172413796
4 743 0.20652173913043476
4 449 0.2058823529411765
4 824 0.2058823529411765
4 29 0.20588235294117646
4 674 0.20512820512820512
4 531 0.2051282051282051
4 623 0.20454545454545456
4 498 0.2040816326530612
4 790 0.2040816326530612
4 1039 0.20353982300884954
4 27 0.2033898305084746
4 1367 0.203125
4 894 0.20289855072463772
4 810 0.20270270270270271
4 78 0.20270270270270271
4 797 0.20238095238095238
4 190 0.20202020202020204
4 590 0.20000000000000004
4 722 0.2
4 993 0.2
4 1375 0.2
4 70 0.2
4 676 0.2
5 1280 0.3333333333333333
5 325 0.2777777777777778
5 299 0.27586206896551724
5 1303 0.2727272727272727
5 1290 0.25
5 1249 0.22352941176470587
5 732 0.2
5 1296 0.2
5 36 0.2
6 722 0.36
6 1281 0.33333333333333337
6 589 0.2608695652173913
6 429 0.25
6 1299 0.23333333333333334
6 711 0.20454545454545453
6 650 0.2033898305084746
7 430 0.9818181818181818
7 455 0.6170212765957447
7 464 0.5294117647058824
7 54 0.45454545454545453
7 149 0.4516129032258065
7 810 0.4189189189189189
7 53 0.4057971014492754
7 446 0.4038461538461539
7 562 0.4022988505747126
7 1326 0.3846153846153846
7 566 0.38271604938271603
7 1307 0.3529411764705882
7 501 0.35
7 574 0.3461538461538462
7 827 0.33333333333333337
7 1283 0.3333333333333333
7 689 0.32499999999999996
7 1136 0.32258064516129026
7 739 0.31666666666666665
7 1137 0.3157894736842105
7 458 0.30000000000000004
7 538 0.30000000000000004
7 673 0.2978723404255319
7 1155 0.2954545454545454
7 615 0.2898550724637681
7 443 0.2882882882882883
7 790 0.2857142857142857
7 856 0.2857142857142857
7 58 0.28409090909090906
7 489 0.28
7 660 0.27499999999999997
7 390 0.273972602739726
7 532 0.2727272727272727
7 872 0.2727272727272727
7 825 0.2692307692307692
7 451 0.2631578947368421
7 319 0.2596153846153846
7 591 0.25806451612903225
7 688 0.25688073394495414
7 1341 0.2567567567567568
7 860 0.2564102564102564
7 1363 0.2558139534883721
7 336 0.2549019607843137
7 781 0.25373134328358204
7 542 0.25
7 1306 0.25
7 1125 0.24999999999999997
7 1126 0.24242424242424243
7 603 0.24137931034482757
7 508 0.24074074074074073
7 291 0.24
7 894 0.23913043478260868
7 146 0.23809523809523808
7 710 0.23809523809523808
7 1170 0.2363636363636364
7 824 0.23529411764705882
7 826 0.2328767123287671
7 1038 0.22972972972972974
7 389 0.22857142857142856
7 833 0.2272727272727273
7 989 0.22641509433962265
7 745 0.22448979591836732
7 1225 0.2222222222222222
7 1293 0.21875
7 294 0.2181818181818182
7 1092 0.21666666666666667
7 742 0.21621621621621623
7 684 0.21428571428571427
7 611 0.21052631578947367
7 44 0.20895522388059698
7 1007 0.20833333333333334
7 449 0.2058823529411765
7 514 0.20512820512820512
7 674 0.20512820512820512
7 693 0.2040816326530612
7 820 0.20312499999999997
7 445 0.20270270270270271
7 738 0.2
7 86 0.2
7 1010 0.2
7 1133 0.2
8 717 0.20833333333333331
8 469 0.20512820512820512
9 451 0.49999999999999994
9 1136 0.467741935483871
9 565 0.4411764705882353
9 736 0.4382022471910112
9 483 0.4303797468354432
9 509 0.423076923076923
9 510 0.41666666666666674
9 508 0.40740740740740733
9 1280 0.4
9 689 0.4
9 1170 0.4
9 518 0.3902439024390244
9 1327 0.37288135593220345
9 642 0.3725490196078431
9 615 0.3623188405797102
9 579 0.3440860215053763
9 659 0.34375
9 51 0.3421052631578947
9 448 0.3365384615384615
9 603 0.3333333333333333
9 895 0.32758620689655166
9 611 0.3157894736842105
9 309 0.3150684931506849
9 61 0.31168831168831174
9 806 0.3088235294117647
9 695 0.3076923076923077
9 871 0.3055555555555556
9 362 0.30303030303030304
9 734 0.30000000000000004
9 626 0.29545454545454547
9 872 0.2909090909090909
9 591 0.29032258064516125
9 650 0.288135593220339
9 458 0.28571428571428575
9 538 0.28571428571428575
9 534 0.2857142857142857
9 739 0.2833333333333333
9 468 0.28205128205128205
9 1072 0.27692307692307694
9 71 0.2747252747252747
9 1413 0.2727272727272727
9 68 0.27192982456140347
9 165 0.2708333333333333
9 682 0.27058823529411763
9 742 0.2702702702702703
9 175 0.26666666666666666
9 827 0.26666666666666666
9 727 0.26530612244897955
9 539 0.2631578947368421
9 699 0.26190476190476186
9 526 0.26
9 514 0.2564102564102564
9 336 0.2549019607843137
9 459 0.2545454545454545
9 1448 0.25396825396825395
9 523 0.25
9 117 0.24390243902439024
9 445 0.24324324324324326
9 1281 0.24242424242424243
9 851 0.24242424242424243
9 1126 0.24242424242424243
9 754 0.24
9 73 0.23809523809523808
9 710 0.23809523809523808
9 86 0.2375
9 27 0.23728813559322032
9 644 0.2361111111111111
9 1374 0.23529411764705882
9 254 0.23404255319148937
9 472 0.23404255319148928
9 703 0.2333333333333333
9 1282 0.23076923076923078
9 779 0.22972972972972974
9 1445 0.22972972972972974
9 670 0.2272727272727273
9 54 0.22727272727272727
9 593 0.22689075630252098
9 454 0.22580645161290322
9 497 0.2248062015503876
9 617 0.2247191011235955
9 594 0.2231404958677686
9 444 0.2222222222222222
9 1225 0.2222222222222222
9 634 0.22093023255813954
9 826 0.2191780821917808
9 1164 0.21666666666666665
9 378 0.21621621621621623
9 72 0.21621621621621623
9 702 0.21590909090909088
9 595 0.2156862745098039
9 492 0.21333333333333335
9 1162 0.21311475409836067
9 620 0.2127659574468085
9 956 0.21153846153846154
9 648 0.21126760563380279
9 1127 0.21052631578947367
9 486 0.20987654320987653
9 461 0.20879120879120877
9 1125 0.20833333333333331
9 1419 0.20800000000000002
9 606 0.2076923076923077
9 1120 0.2068965517241379
9 630 0.205607476635514
9 883 0.20481927710843376
9 1341 0.20270270270270271
9 519 0.20224719101123595
9 319 0.20192307692307693
9 421 0.2
9 663 0.2
9 481 0.2
9 501 0.2
9 1139 0.2
10 827 0.7333333333333333
10 531 0.6666666666666666
10 1282 0.5384615384615385
10 458 0.5142857142857142
10 538 0.5142857142857142
10 1137 0.47368421052631576
10 565 0.47058823529411764
10 1136 0.4677419354838709
10 459 0.4545454545454546
10 895 0.4482758620689654
10 1007 0.4166666666666667
10 1092 0.41666666666666663
10 291 0.41000000000000003
10 135 0.40789473684210525
10 1448 0.3968253968253968
10 615 0.391304347826087
10 1143 0.37735849056603776
10 433 0.3773584905660377
10 1125 0.375
10 120 0.36666666666666664
10 810 0.3648648648648648
10 1170 0.36363636363636365
10 54 0.36363636363636365
10 860 0.358974358974359
10 1307 0.35294117647058826
10 501 0.35
10 180 0.34782608695652173
10 574 0.3461538461538462
10 595 0.3431372549019608
10 445 0.33783783783783783
10 630 0.3364485981308411
10 532 0.33333333333333337
10 1416 0.33333333333333337
10 73 0.3333333333333333
10 739 0.3333333333333333
10 1283 0.3333333333333333
10 114 0.32558139534883723
10 1053 0.32432432432432434
10 591 0.32258064516129037
10 454 0.3225806451612903
10 925 0.32258064516129026
10 539 0.3157894736842105
10 389 0.3142857142857143
10 1223 0.3103448275862069
10 294 0.3090909090909091
10 509 0.3076923076923077
10 319 0.30769230769230765
10 851 0.30303030303030304
10 1035 0.3018867924528302
10 826 0.3013698630136986
10 742 0.2972972972972973
10 381 0.2947368421052631
10 1121 0.2777777777777778
10 67 0.275
10 27 0.27118644067796616
10 72 0.2702702702702703
10 1038 0.2702702702702703
10 1405 0.26666666666666666
10 659 0.265625
10 594 0.2644628099173554
10 611 0.2631578947368421
10 61 0.25974025974025977
10 474 0.25925925925925924
10 254 0.2553191489361702
10 244 0.2535211267605634
10 648 0.2535211267605634
10 158 0.25
10 1085 0.25
10 689 0.25
10 690 0.24999999999999997
10 213 0.2463768115942029
10 1173 0.2459016393442623
10 140 0.24561403508771928
10 917 0.24
10 557 0.23943661971830987
10 25 0.2377049180327869
10 553 0.23636363636363633
10 519 0.23595505617977527
10 806 0.23529411764705882
10 1134 0.23529411764705882
10 1067 0.23076923076923078
10 523 0.22794117647058826
10 375 0.2272727272727273
10 1054 0.2262773722627737
10 822 0.2222222222222222
10 71 0.21978021978021975
10 309 0.2191780821917808
10 1411 0.21739130434782605
10 883 0.2168674698795181
10 1419 0.216
10 1191 0.21568627450980388
10 706 0.21296296296296297
10 590 0.21250000000000005
10 362 0.21212121212121213
10 1261 0.21100917431192662
10 451 0.21052631578947367
10 461 0.20879120879120877
10 494 0.20833333333333331
10 535 0.20512820512820512
10 468 0.2051282051282051
10 59 0.20454545454545459
10 483 0.20253164556962028
10 446 0.20192307692307693
10 434 0.2
11 744 0.5263157894736842
11 777 0.4516129032258065
11 1100 0.4
11 1167 0.36842105263157887
11 110 0.36363636363636365
11 782 0.34375
11 588 0.3392857142857143
11 111 0.33870967741935476
11 1290 0.3333333333333333
11 756 0.32000000000000006
11 1301 0.3076923076923077
11 203 0.29487179487179493
11 255 0.2916666666666667
11 97 0.28915662650602403
11 1460 0.28846153846153844
11 194 0.2857142857142857
11 1172 0.28125
11 618 0.28048780487804875
11 804 0.2777777777777778
11 183 0.2765957446808511
11 614 0.2755102040816326
11 1295 0.2727272727272727
11 1108 0.2647058823529412
11 1112 0.25806451612903225
11 613 0.25225225225225223
11 69 0.25
11 1209 0.25
11 201 0.23863636363636362
11 189 0.23809523809523808
11 1287 0.23076923076923078
11 1160 0.2295081967213115
11 1182 0.2272727272727273
11 87 0.22499999999999998
11 1156 0.2222222222222222
11 1302 0.2222222222222222
11 635 0.21875
11 193 0.21052631578947367
11 1083 0.21052631578947367
11 33 0.20588235294117646
11 977 0.20224719101123595
12 1139 0.43333333333333335
12 1170 0.3090909090909091
12 477 0.2763157894736842
12 746 0.26666666666666666
12 276 0.26190476190476186
12 1102 0.25925925925925924
12 1164 0.25
12 1162 0.2459016393442623
12 574 0.23076923076923078
12 572 0.22549019607843138
12 1103 0.225
12 334 0.2222222222222222
12 836 0.22000000000000003
12 539 0.21052631578947367
12 480 0.21000000000000002
12 1116 0.20833333333333337
12 1125 0.20833333333333331
12 469 0.20512820512820512
12 1155 0.20454545454545456
12 902 0.20408163265306123
12 1129 0.2
12 827 0.2
13 539 0.5263157894736842
13 1125 0.4583333333333333
13 454 0.4193548387096774
13 565 0.4117647058823529
13 1166 0.4117647058823529
13 469 0.41025641025641024
13 1405 0.4
13 1282 0.38461538461538464
13 459 0.36363636363636365
13 254 0.36170212765957444
13 471 0.3555555555555555
13 509 0.34615384615384615
13 574 0.34615384615384615
13 1364 0.3448275862068966
13 1158 0.33928571428571425
13 175 0.33333333333333337
13 372 0.3333333333333333
13 827 0.3333333333333333
13 1059 0.3333333333333333
13 1139 0.3333333333333333
13 114 0.32558139534883723
13 60 0.32
13 1116 0.3125
13 461 0.30769230769230765
13 1136 0.30645161290322576
13 851 0.30303030303030304
13 1296 0.30000000000000004
13 1103 0.3
13 1122 0.3
13 1161 0.3
13 1053 0.2972972972972973
13 29 0.29411764705882354
13 363 0.2909090909090909
13 1101 0.29032258064516125
13 1156 0.28888888888888886
13 1078 0.288135593220339
13 1089 0.2857142857142857
13 971 0.2777777777777778
13 1094 0.2777777777777778
13 1305 0.275
13 152 0.2727272727272727
13 540 0.2727272727272727
13 1128 0.2727272727272727
13 1155 0.2727272727272727
13 1081 0.27083333333333337
13 445 0.2702702702702703
13 1100 0.26666666666666666
13 66 0.2608695652173913
13 460 0.25925925925925924
13 1112 0.25806451612903225
13 458 0.2571428571428571
13 538 0.2571428571428571
13 137 0.2567567567567568
13 535 0.2564102564102564
13 1191 0.2549019607843137
13 1170 0.2545454545454545
13 630 0.2523364485981308
13 501 0.25
13 133 0.25
13 717 0.25
13 1190 0.24561403508771928
13 599 0.24489795918367346
13 362 0.24242424242424243
13 1096 0.24242424242424243
13 895 0.24137931034482757
13 73 0.23809523809523808
13 611 0.23684210526315788
13 375 0.2363636363636364
13 585 0.2361111111111111
13 1134 0.23529411764705882
13 1298 0.23529411764705882
13 1307 0.23529411764705882
13 1171 0.2345679012345679
13 1164 0.23333333333333334
13 575 0.2327586206896552
13 1012 0.2325581395348837
13 607 0.23076923076923075
13 1179 0.23076923076923075
13 1162 0.2295081967213115
13 803 0.2282608695652174
13 122 0.22580645161290322
13 1105 0.22535211267605632
13 434 0.22222222222222224
13 323 0.2222222222222222
13 474 0.2222222222222222
13 733 0.2222222222222222
13 1102 0.2222222222222222
13 1121 0.2222222222222222
13 835 0.21621621621621623
13 640 0.2159090909090909
13 965 0.2142857142857143
13 631 0.21428571428571427
13 131 0.21238938053097345
13 648 0.2112676056338028
13 135 0.21052631578947367
13 1115 0.21052631578947367
13 1223 0.20689655172413793
13 1448 0.20634920634920634
13 179 0.2040816326530612
13 707 0.2033898305084746
13 85 0.20224719101123595
13 1220 0.2
13 1283 0.2
14 1189 0.2982456140350877
14 539 0.2631578947368421
14 565 0.23529411764705882
14 1405 0.23333333333333334
14 1282 0.23076923076923078
14 1136 0.2258064516129032
14 3 0.2096774193548387
14 1125 0.20833333333333331
14 469 0.20512820512820512
14 1122 0.2
15 539 1.4473684210526314
15 565 1.3823529411764706
15 509 1.1923076923076923
15 454 1.129032258064516
15 1125 1.0833333333333333
15 827 1.0666666666666667
15 851 1.0606060606060606
15 1136 1.0161290322580645
15 469 1.0
15 459 0.981818181818182
15 1405 0.9666666666666666
15 175 0.9333333333333336
15 1089 0.9285714285714283
15 1282 0.9230769230769229
15 1139 0.8999999999999999
15 1296 0.8999999999999999
15 1166 0.8823529411764707
15 1078 0.8644067796610169
15 73 0.8571428571428571
15 461 0.8461538461538461
15 895 0.8275862068965517
15 1053 0.8108108108108107
15 1158 0.8035714285714285
15 445 0.7972972972972971
15 114 0.7906976744186046
15 471 0.7777777777777777
15 574 0.7692307692307692
15 1307 0.7647058823529412
15 1134 0.7450980392156863
15 458 0.7428571428571428
15 538 0.7428571428571428
15 66 0.7391304347826086
15 733 0.7333333333333332
15 1081 0.7291666666666667
15 1364 0.7241379310344829
15 363 0.7090909090909092
15 1096 0.6969696969696969
15 179 0.6938775510204084
15 535 0.6923076923076923
15 137 0.6891891891891889
15 375 0.6818181818181818
15 254 0.6808510638297872
15 60 0.68
15 631 0.6785714285714286
15 29 0.6764705882352942
15 1103 0.675
15 1191 0.6666666666666666
15 372 0.6666666666666665
15 1155 0.6590909090909091
15 1305 0.6500000000000001
15 474 0.6481481481481479
15 611 0.644736842105263
15 615 0.63768115942029
15 1170 0.6363636363636365
15 1413 0.6363636363636364
15 1368 0.6341463414634146
15 180 0.6231884057971014
15 835 0.6216216216216217
15 599 0.6122448979591837
15 1121 0.6111111111111112
15 1116 0.6041666666666666
15 1122 0.6
15 1156 0.6
15 1161 0.6
15 1190 0.5964912280701755
15 648 0.591549295774648
15 1092 0.5833333333333334
15 1012 0.5813953488372092
15 526 0.58
15 176 0.5777777777777778
15 460 0.5740740740740742
15 806 0.5735294117647058
15 1171 0.5679012345679011
15 630 0.5607476635514018
15 650 0.559322033898305
15 61 0.5584415584415585
15 1094 0.5555555555555556
15 575 0.5517241379310346
15 703 0.55
15 1105 0.5492957746478873
15 1101 0.5483870967741935
15 1303 0.5454545454545455
15 717 0.5416666666666667
15 956 0.5384615384615384
15 1264 0.5365853658536586
15 434 0.5333333333333333
15 1100 0.5333333333333333
15 451 0.5263157894736843
15 1120 0.5258620689655172
15 707 0.5254237288135594
15 501 0.525
15 488 0.5245901639344261
15 462 0.5238095238095237
15 853 0.5199999999999999
15 1223 0.5172413793103448
15 85 0.5168539325842698
15 690 0.5166666666666666
15 1112 0.5161290322580645
15 925 0.5161290322580644
15 1027 0.5161290322580644
15 318 0.5135135135135136
15 378 0.5135135135135136
15 567 0.5098039215686274
15 805 0.5087719298245614
15 496 0.5000000000000001
15 839 0.5000000000000001
15 1059 0.5
15 1284 0.5
15 803 0.49999999999999994
15 309 0.4931506849315068
15 1128 0.4909090909090909
15 518 0.48780487804878053
15 1179 0.4871794871794872
15 323 0.4861111111111111
15 152 0.48484848484848486
15 362 0.48484848484848486
15 1102 0.48148148148148145
15 572 0.48039215686274506
15 376 0.4782608695652173
15 540 0.4772727272727273
15 640 0.4772727272727273
15 1448 0.47619047619047616
15 135 0.47368421052631565
15 585 0.4722222222222222
15 1143 0.4716981132075472
15 727 0.4693877551020409
15 321 0.46808510638297873
15 122 0.467741935483871
15 487 0.467741935483871
15 1164 0.4666666666666666
15 1283 0.4666666666666666
15 67 0.4624999999999999
15 607 0.4615384615384615
15 655 0.46017699115044264
15 1162 0.45901639344262296
15 490 0.45871559633027525
15 347 0.4583333333333333
15 1022 0.4545454545454546
15 1126 0.4545454545454545
15 429 0.45238095238095244
15 826 0.4520547945205479
15 730 0.4509803921568627
15 1220 0.44999999999999996
15 2 0.4473684210526316
15 871 0.44444444444444453
15 525 0.44262295081967207
15 481 0.44
15 463 0.43999999999999995
15 71 0.4395604395604396
15 516 0.4383561643835616
15 595 0.43137254901960786
15 389 0.42857142857142866
15 140 0.4210526315789473
15 486 0.41975308641975306
15 704 0.41791044776119385
15 510 0.41666666666666674
15 131 0.41592920353982316
15 519 0.4157303370786518
15 453 0.41509433962264153
15 448 0.4134615384615385
15 534 0.4126984126984127
15 625 0.4126984126984127
15 68 0.41228070175438597
15 327 0.411764705882353
15 346 0.411764705882353
15 1297 0.40625
15 1367 0.40625
15 136 0.40458015267175584
15 133 0.40384615384615385
15 591 0.40322580645161277
15 502 0.4
15 590 0.4
15 478 0.39999999999999997
15 702 0.39772727272727276
15 514 0.39743589743589747
15 1373 0.3968253968253968
15 664 0.39583333333333326
15 1115 0.3947368421052631
15 319 0.3942307692307693
15 829 0.3939393939393938
15 129 0.39285714285714274
15 1038 0.39189189189189194
15 1361 0.391304347826087
15 659 0.390625
15 513 0.390625
15 166 0.39
15 334 0.388888888888889
15 508 0.3888888888888889
15 1076 0.3870967741935484
15 123 0.38547486033519546
15 1326 0.38461538461538464
15 646 0.3846153846153846
15 1077 0.3823529411764706
15 1095 0.38095238095238093
15 1138 0.38095238095238093
15 72 0.3783783783783784
15 621 0.3770491803278689
15 1173 0.3770491803278689
15 982 0.375
15 1323 0.375
15 689 0.375
15 642 0.37254901960784315
15 147 0.3725490196078431
15 1298 0.3725490196078431
15 560 0.36923076923076925
15 598 0.36923076923076925
15 606 0.36923076923076925
15 681 0.36842105263157887
15 680 0.36764705882352944
15 63 0.36666666666666664
15 1377 0.36666666666666664
15 475 0.3655913978494623
15 54 0.3636363636363637
15 1289 0.36363636363636365
15 1295 0.36363636363636365
15 532 0.3636363636363636
15 473 0.36363636363636354
15 636 0.3621621621621622
15 837 0.36
15 965 0.35714285714285715
15 731 0.3563218390804597
15 374 0.35555555555555557
15 174 0.3555555555555555
15 126 0.35359116022099435
15 1106 0.35294117647058826
15 1098 0.35064935064935066
15 883 0.3493975903614458
15 1110 0.3461538461538462
15 456 0.34375
15 537 0.34285714285714286
15 472 0.34042553191489355
15 1327 0.33898305084745767
15 1124 0.3372781065088757
15 641 0.33673469387755106
15 728 0.33653846153846156
15 1054 0.33576642335766427
15 497 0.3333333333333335
15 780 0.3333333333333334
15 125 0.33333333333333337
15 637 0.33333333333333337
15 120 0.3333333333333333
15 1383 0.3333333333333333
15 148 0.33333333333333326
15 705 0.3333333333333332
15 1391 0.3287671232876712
15 629 0.32857142857142857
15 1181 0.3278688524590164
15 1113 0.3275862068965517
15 972 0.32558139534883723
15 57 0.325
15 660 0.32499999999999996
15 1428 0.32432432432432434
15 1178 0.3235294117647059
15 338 0.3230769230769231
15 684 0.3214285714285714
15 1309 0.32089552238805963
15 95 0.32051282051282054
15 1419 0.32000000000000006
15 1107 0.32
15 243 0.31999999999999995
15 156 0.3195876288659794
15 202 0.3194444444444444
15 1396 0.31818181818181823
15 626 0.3181818181818182
15 711 0.3181818181818182
15 1376 0.3181818181818181
15 1130 0.31746031746031744
15 252 0.3170731707317074
15 1011 0.31666666666666665
15 1204 0.3157894736842105
15 159 0.3157894736842105
15 942 0.3157894736842105
15 388 0.31481481481481477
15 592 0.3142857142857143
15 723 0.3125
15 907 0.3125
15 1153 0.3125
15 1410 0.3125
15 1362 0.3106796116504854
15 163 0.31034482758620685
15 692 0.3097345132743363
15 993 0.3076923076923077
15 1084 0.3076923076923077
15 1447 0.3076923076923077
15 446 0.30769230769230765
15 492 0.30666666666666664
15 639 0.3064516129032258
15 790 0.30612244897959184
15 771 0.3055555555555556
15 330 0.3043478260869566
15 967 0.30434782608695654
15 158 0.30357142857142855
15 686 0.3035714285714285
15 199 0.3026315789473683
15 386 0.30158730158730157
15 579 0.30107526881720426
15 966 0.30000000000000004
15 1258 0.30000000000000004
15 914 0.3
15 1129 0.3
15 746 0.3
15 754 0.3
15 582 0.29870129870129875
15 737 0.2985074626865671
15 797 0.29761904761904767
15 779 0.29729729729729737
15 1169 0.2972972972972973
15 894 0.2971014492753623
15 145 0.29661016949152547
15 857 0.2962962962962963
15 523 0.2941176470588235
15 807 0.29347826086956513
15 722 0.29333333333333333
15 483 0.29113924050632917
15 3 0.2903225806451613
15 786 0.2888888888888889
15 27 0.288135593220339
15 842 0.288135593220339
15 562 0.28735632183908044
15 1370 0.28571428571428564
15 96 0.2839506172839506
15 1009 0.2835820895522387
15 658 0.2833333333333333
15 1208 0.2830188679245283
15 484 0.28260869565217384
15 528 0.28125
15 594 0.28099173553719015
15 30 0.2807017543859649
15 1099 0.27906976744186046
15 241 0.2784810126582279
15 325 0.27777777777777785
15 889 0.27692307692307694
15 769 0.276595744680851
15 1175 0.2761904761904762
15 761 0.27586206896551724
15 1037 0.27184466019417475
15 546 0.2716049382716049
15 1201 0.2716049382716049
15 1104 0.2702702702702703
15 624 0.27
15 466 0.2692307692307693
15 373 0.2692307692307692
15 1232 0.26923076923076916
15 866 0.2678571428571428
15 634 0.26744186046511625
15 846 0.26666666666666666
15 652 0.265625
15 1207 0.265625
15 608 0.2647058823529411
15 74 0.2638888888888889
15 619 0.26315789473684215
15 1127 0.2631578947368421
15 1137 0.2631578947368421
15 450 0.26153846153846155
15 533 0.26153846153846155
15 1072 0.26153846153846155
15 633 0.26
15 1198 0.25925925925925924
15 1431 0.25925925925925924
15 1407 0.25824175824175827
15 670 0.2575757575757575
15 138 0.25742574257425743
15 1144 0.25742574257425743
15 32 0.2571428571428572
15 78 0.2567567567567568
15 1224 0.2567567567567568
15 127 0.25641025641025644
15 531 0.2564102564102564
15 844 0.2558139534883721
15 553 0.2545454545454545
15 644 0.25000000000000006
15 121 0.25
15 580 0.25
15 743 0.25
15 814 0.25
15 1421 0.25
15 706 0.25
15 1123 0.24999999999999997
15 495 0.24999999999999992
15 257 0.24742268041237114
15 695 0.24615384615384617
15 1180 0.24615384615384617
15 28 0.24561403508771928
15 259 0.24561403508771928
15 452 0.2452830188679245
15 161 0.2441860465116279
15 119 0.24390243902439024
15 214 0.2439024390243902
15 132 0.2436974789915966
15 812 0.24242424242424246
15 1111 0.2424242424242424
15 584 0.24137931034482762
15 328 0.24000000000000002
15 1446 0.23809523809523808
15 716 0.2372881355932204
15 647 0.23684210526315788
15 98 0.2363636363636364
15 815 0.23529411764705885
15 1132 0.23529411764705885
15 1196 0.23529411764705885
15 798 0.2347826086956522
15 1408 0.23469387755102042
15 822 0.2345679012345679
15 583 0.234375
15 1241 0.234375
15 755 0.23376623376623382
15 512 0.23369565217391297
15 732 0.23333333333333334
15 440 0.2328767123287671
15 828 0.2321428571428571
15 213 0.2318840579710145
15 381 0.2315789473684211
15 1460 0.23076923076923078
15 267 0.22807017543859648
15 59 0.22727272727272732
15 15 0.2272727272727273
15 864 0.2272727272727273
15 656 0.22641509433962265
15 1114 0.22641509433962265
15 1174 0.22580645161290325
15 1412 0.22580645161290322
15 41 0.22535211267605637
15 530 0.225
15 1430 0.22448979591836732
15 498 0.22448979591836732
15 1142 0.22448979591836732
15 910 0.22413793103448273
15 477 0.22368421052631576
15 425 0.22222222222222224
15 274 0.2222222222222222
15 444 0.2222222222222222
15 971 0.2222222222222222
15 1197 0.2222222222222222
15 449 0.22058823529411767
15 813 0.22047244094488186
15 604 0.22
15 783 0.21951219512195125
15 901 0.21951219512195122
15 762 0.21929824561403508
15 718 0.21875
15 1117 0.21875
15 603 0.21839080459770116
15 1010 0.2181818181818182
15 1080 0.21698113207547168
15 421 0.21666666666666665
15 160 0.21649484536082478
15 671 0.21518987341772156
15 772 0.2142857142857143
15 1382 0.21428571428571427
15 216 0.21348314606741572
15 986 0.21348314606741572
15 817 0.21311475409836061
15 620 0.2127659574468085
15 970 0.21250000000000002
15 899 0.21212121212121215
15 332 0.21212121212121213
15 900 0.2121212121212121
15 1145 0.21176470588235297
15 719 0.21052631578947367
15 51 0.21052631578947367
15 610 0.20987654320987653
15 44 0.20895522388059695
15 494 0.20833333333333331
15 177 0.20754716981132074
15 420 0.20689655172413798
15 34 0.20689655172413796
15 990 0.20689655172413793
15 408 0.2066115702479339
15 1259 0.20652173913043476
15 468 0.2051282051282051
15 845 0.20430107526881724
15 249 0.2037037037037037
15 155 0.203125
15 568 0.203125
15 151 0.2027027027027027
15 736 0.20224719101123595
15 55 0.2
16 565 0.911764705882353
16 806 0.867647058823529
16 539 0.8421052631578946
16 509 0.75
16 615 0.6956521739130433
16 1136 0.6451612903225806
16 895 0.6206896551724138
16 1170 0.6181818181818183
16 458 0.6142857142857142
16 538 0.6
16 510 0.5833333333333335
16 454 0.5806451612903226
16 451 0.5789473684210527
16 492 0.5733333333333333
16 851 0.5454545454545454
16 827 0.5333333333333333
16 595 0.5294117647058821
16 702 0.5227272727272727
16 390 0.5205479452054795
16 1126 0.5151515151515151
16 239 0.5121951219512195
16 459 0.5090909090909091
16 445 0.5
16 659 0.5
16 487 0.49999999999999994
16 1139 0.49999999999999994
16 689 0.49999999999999994
16 461 0.4945054945054946
16 61 0.49350649350649356
16 486 0.48148148148148145
16 523 0.4779411764705881
16 448 0.47115384615384615
16 1307 0.47058823529411764
16 175 0.4666666666666666
16 1282 0.46153846153846156
16 611 0.4605263157894737
16 1078 0.45762711864406785
16 382 0.45614035087719296
16 1413 0.45454545454545464
16 956 0.4423076923076923
16 114 0.4418604651162791
16 514 0.42307692307692324
16 434 0.4222222222222222
16 471 0.42222222222222217
16 51 0.42105263157894735
16 1125 0.4166666666666667
16 1081 0.41666666666666663
16 720 0.40845070422535207
16 73 0.40476190476190477
16 591 0.4032258064516129
16 731 0.4022988505747126
16 389 0.4000000000000001
16 481 0.4
16 176 0.39999999999999997
16 526 0.39999999999999997
16 1280 0.39999999999999997
16 1448 0.3968253968253968
16 812 0.3939393939393938
16 1062 0.38961038961038963
16 508 0.3888888888888889
16 446 0.3846153846153846
16 894 0.3840579710144927
16 534 0.38095238095238093
16 1053 0.3783783783783784
16 835 0.3783783783783784
16 650 0.3728813559322034
16 1134 0.37254901960784315
16 472 0.37234042553191493
16 321 0.3723404255319148
16 805 0.3684210526315789
16 603 0.3678160919540229
16 790 0.3673469387755102
16 483 0.36708860759493683
16 1405 0.36666666666666664
16 590 0.36250000000000004
16 754 0.35999999999999993
16 531 0.35897435897435903
16 1179 0.35897435897435903
16 309 0.3561643835616438
16 826 0.3561643835616438
16 149 0.35483870967741926
16 586 0.3529411764705883
16 29 0.35294117647058826
16 567 0.3529411764705882
16 1191 0.3529411764705882
16 648 0.35211267605633806
16 71 0.3516483516483517
16 779 0.3513513513513514
16 318 0.35135135135135137
16 1190 0.3508771929824561
16 530 0.35000000000000003
16 625 0.3492063492063492
16 484 0.3478260869565217
16 807 0.3478260869565216
16 644 0.34722222222222227
16 179 0.34693877551020413
16 1326 0.34615384615384615
16 488 0.3442622950819672
16 238 0.3421052631578947
16 813 0.33858267716535423
16 362 0.33333333333333337
16 874 0.33333333333333337
16 871 0.33333333333333337
16 235 0.3333333333333333
16 746 0.3333333333333333
16 444 0.3333333333333333
16 1100 0.3333333333333333
16 1171 0.3333333333333333
16 1225 0.3333333333333333
16 829 0.33333333333333326
16 575 0.32758620689655166
16 630 0.32710280373831774
16 319 0.3269230769230769
16 501 0.325
16 606 0.3230769230769231
16 1327 0.3220338983050848
16 631 0.3214285714285714
16 566 0.32098765432098764
16 620 0.31914893617021267
16 1120 0.31896551724137934
16 660 0.3166666666666667
16 785 0.31666666666666665
16 1164 0.31666666666666665
16 641 0.31632653061224497
16 68 0.31578947368421056
16 1214 0.3157894736842105
16 1127 0.3157894736842105
16 519 0.3146067415730337
16 1230 0.31428571428571433
16 86 0.3125
16 67 0.3125
16 1162 0.3114754098360656
16 733 0.3111111111111111
16 562 0.31034482758620685
16 489 0.31
16 535 0.30769230769230765
16 780 0.3055555555555556
16 1175 0.3047619047619048
16 579 0.30107526881720426
16 254 0.2978723404255319
16 378 0.29729729729729737
16 1236 0.2972972972972973
16 1038 0.29729729729729726
16 817 0.29508196721311475
16 1243 0.2916666666666667
16 372 0.2857142857142857
16 377 0.2857142857142857
16 727 0.2857142857142857
16 1089 0.28571428571428564
16 478 0.2833333333333333
16 926 0.28301886792452835
16 66 0.2826086956521739
16 1323 0.28125
16 634 0.2790697674418605
16 460 0.2777777777777778
16 883 0.27710843373493976
16 57 0.275
16 1128 0.27272727272727276
16 152 0.2727272727272727
16 1289 0.2727272727272727
16 72 0.2702702702702703
16 1110 0.2692307692307693
16 783 0.2682926829268293
16 518 0.2682926829268293
16 703 0.26666666666666666
16 773 0.26315789473684215
16 159 0.2631578947368421
16 525 0.26229508196721313
16 1411 0.2608695652173913
16 1124 0.2603550295857988
16 636 0.2594594594594595
16 925 0.25806451612903225
16 1112 0.25806451612903225
16 137 0.2567567567567568
16 288 0.2564102564102564
16 468 0.2564102564102564
16 1012 0.25581395348837205
16 336 0.2549019607843137
16 872 0.2545454545454545
16 737 0.25373134328358204
16 1220 0.25
16 334 0.25
16 1117 0.25
16 528 0.24999999999999997
16 480 0.24999999999999997
16 986 0.24719101123595505
16 962 0.2459016393442623
16 880 0.24561403508771928
16 491 0.24390243902439024
16 670 0.24242424242424238
16 1054 0.2408759124087591
16 1394 0.24074074074074073
16 712 0.24074074074074073
16 527 0.24074074074074073
16 825 0.24038461538461536
16 1419 0.24000000000000007
16 462 0.23809523809523808
16 578 0.23809523809523808
16 1138 0.23809523809523808
16 707 0.23728813559322037
16 553 0.2363636363636364
16 680 0.23529411764705885
16 820 0.23437500000000003
16 128 0.23423423423423423
16 709 0.2342342342342342
16 77 0.23404255319148937
16 63 0.2333333333333333
16 690 0.2333333333333333
16 194 0.23214285714285712
16 1072 0.23076923076923078
16 1199 0.23076923076923078
16 1287 0.23076923076923078
16 469 0.23076923076923075
16 655 0.23008849557522126
16 897 0.22807017543859648
16 54 0.22727272727272727
16 974 0.2258064516129032
16 244 0.22535211267605634
16 1305 0.22499999999999998
16 498 0.22448979591836732
16 1195 0.2241379310344828
16 761 0.22413793103448276
16 682 0.22352941176470587
16 474 0.2222222222222222
16 52 0.2222222222222222
16 49 0.22093023255813954
16 252 0.21951219512195128
16 1264 0.2195121951219512
16 543 0.2195121951219512
16 517 0.2191780821917808
16 165 0.21875
16 1293 0.21875
16 1414 0.2181818181818182
16 1010 0.21818181818181817
16 662 0.21739130434782605
16 1361 0.21739130434782605
16 1358 0.217391304347826
16 421 0.21666666666666667
16 739 0.21666666666666667
16 609 0.21621621621621623
16 742 0.21621621621621623
16 642 0.21568627450980388
16 594 0.21487603305785125
16 975 0.21428571428571427
16 866 0.21428571428571425
16 1158 0.21428571428571425
16 617 0.21348314606741572
16 473 0.21212121212121213
16 532 0.21212121212121213
16 28 0.21052631578947367
16 259 0.21052631578947367
16 1189 0.21052631578947367
16 44 0.20895522388059695
16 664 0.20833333333333337
16 79 0.20833333333333331
16 345 0.20754716981132076
16 1061 0.20754716981132076
16 297 0.20689655172413796
16 1223 0.20689655172413796
16 1364 0.20689655172413796
16 43 0.20689655172413796
16 1197 0.20634920634920634
16 815 0.2058823529411765
16 504 0.2054794520547945
16 540 0.20454545454545456
16 833 0.20454545454545456
16 134 0.2037037037037037
16 236 0.2037037037037037
16 82 0.2033898305084746
16 53 0.2028985507246377
16 1445 0.20270270270270271
16 1341 0.20270270270270271
16 429 0.20238095238095244
16 637 0.2023809523809524
16 479 0.20238095238095236
16 736 0.20224719101123595
16 593 0.20168067226890757
16 503 0.20000000000000007
16 966 0.20000000000000004
16 75 0.2
16 381 0.2
16 537 0.2
16 1193 0.2
16 1283 0.2
16 363 0.2
16 463 0.2
16 853 0.2
16 993 0.2
17 364 0.7750000000000001
17 1424 0.7096774193548386
17 374 0.6666666666666665
17 370 0.6458333333333334
17 1018 0.6352941176470588
17 916 0.6172839506172839
17 281 0.6
17 292 0.5909090909090909
17 1384 0.5714285714285714
17 1086 0.5454545454545455
17 972 0.5348837209302325
17 31 0.5333333333333334
17 325 0.5277777777777778
17 402 0.5277777777777777
17 915 0.5263157894736842
17 1246 0.525
17 115 0.524390243902439
17 934 0.5132743362831859
17 1211 0.5106382978723404
17 340 0.5034965034965035
17 36 0.5
17 200 0.4939759036144578
17 1005 0.4918032786885246
17 288 0.48717948717948717
17 768 0.47916666666666663
17 302 0.4545454545454546
17 1192 0.4545454545454545
17 1317 0.4545454545454545
17 268 0.45283018867924524
17 1056 0.45
17 1239 0.44999999999999996
17 647 0.44736842105263164
17 931 0.4444444444444444
17 957 0.4421052631578947
17 917 0.44
17 1410 0.43749999999999994
17 205 0.43678160919540227
17 840 0.4358974358974359
17 1379 0.43478260869565216
17 177 0.43396226415094336
17 1365 0.4333333333333333
17 230 0.42857142857142855
17 856 0.4285714285714285
17 766 0.42500000000000004
17 924 0.425
17 141 0.4230769230769231
17 2 0.42105263157894735
17 296 0.42105263157894735
17 1007 0.4166666666666667
17 1359 0.41666666666666663
17 269 0.4099999999999999
17 955 0.40740740740740744
17 285 0.4038461538461539
17 290 0.40229885057471265
17 348 0.4017857142857143
17 23 0.4
17 1193 0.4
17 1352 0.4
17 979 0.3972602739726027
17 930 0.39393939393939387
17 1354 0.38888888888888895
17 948 0.3870967741935483
17 843 0.3833333333333333
17 208 0.380952380952381
17 408 0.38016528925619836
17 922 0.3770491803278688
17 985 0.3770491803278688
17 907 0.375
17 1183 0.3714285714285714
17 774 0.37037037037037035
17 1247 0.3695652173913043
17 1221 0.36734693877551017
17 1400 0.36666666666666664
17 245 0.3661971830985916
17 968 0.36363636363636365
17 334 0.36111111111111105
17 178 0.35955056179775285
17 220 0.35833333333333334
17 4 0.3571428571428571
17 298 0.3571428571428571
17 1324 0.3571428571428571
17 959 0.3548387096774193
17 906 0.3548387096774193
17 1236 0.3513513513513514
17 1053 0.35135135135135137
17 799 0.3508771929824561
17 1377 0.35
17 413 0.3484848484848485
17 977 0.3483146067415731
17 1457 0.3472222222222222
17 92 0.3466666666666667
17 1032 0.34545454545454546
17 961 0.3442622950819672
17 1257 0.34285714285714286
17 279 0.3409090909090909
17 14 0.3409090909090909
17 929 0.33962264150943394
17 1453 0.3392857142857143
17 1401 0.33928571428571425
17 654 0.33333333333333337
17 162 0.3333333333333333
17 406 0.3333333333333333
17 937 0.3333333333333333
17 1238 0.3333333333333333
17 1280 0.3333333333333333
17 186 0.33009708737864074
17 839 0.32926829268292684
17 555 0.328125
17 306 0.32432432432432434
17 352 0.32323232323232326
17 925 0.3225806451612903
17 842 0.3220338983050847
17 866 0.3214285714285714
17 225 0.32075471698113206
17 1203 0.32075471698113206
17 273 0.32075471698113206
17 7 0.3191489361702128
17 193 0.3157894736842105
17 811 0.3153153153153153
17 857 0.31481481481481477
17 583 0.3125
17 211 0.30952380952380953
17 181 0.30833333333333335
17 278 0.3076923076923077
17 987 0.3076923076923077
17 918 0.3076923076923077
17 1383 0.3055555555555556
17 1397 0.30357142857142855
17 847 0.30232558139534876
17 207 0.30088495575221236
17 914 0.3
17 1258 0.3
17 1378 0.29850746268656714
17 884 0.29850746268656714
17 1042 0.2982456140350877
17 183 0.2978723404255319
17 336 0.29411764705882354
17 1353 0.2926829268292683
17 216 0.29213483146067415
17 295 0.29090909090909095
17 854 0.28888888888888886
17 970 0.28750000000000003
17 300 0.28571428571428575
17 1439 0.2857142857142857
17 303 0.2857142857142857
17 1033 0.2857142857142857
17 1068 0.2857142857142857
17 859 0.28571428571428564
17 887 0.28571428571428564
17 1445 0.28378378378378377
17 932 0.28181818181818186
17 1367 0.28125
17 267 0.2807017543859649
17 942 0.2807017543859649
17 935 0.28
17 283 0.28
17 962 0.2786885245901639
17 1052 0.27835051546391754
17 1240 0.27692307692307694
17 1423 0.2763157894736842
17 358 0.27619047619047615
17 990 0.2758620689655173
17 910 0.27586206896551724
17 304 0.27586206896551724
17 234 0.27586206896551724
17 265 0.27586206896551724
17 297 0.27586206896551724
17 1440 0.27586206896551724
17 892 0.27419354838709675
17 951 0.2736842105263158
17 363 0.27272727272727276
17 1015 0.27272727272727276
17 1096 0.2727272727272727
17 1325 0.2727272727272727
17 410 0.2711864406779661
17 431 0.2708333333333333
17 1197 0.2698412698412698
17 923 0.2692307692307692
17 1009 0.2686567164179104
17 783 0.2682926829268293
17 405 0.2682926829268293
17 933 0.2682926829268293
17 351 0.26388888888888884
17 624 0.26
17 414 0.25925925925925924
17 947 0.2580645161290323
17 535 0.2564102564102564
17 1425 0.2558139534883721
17 1012 0.25581395348837205
17 322 0.2553191489361702
17 614 0.25510204081632654
17 1013 0.2549019607843137
17 275 0.2545454545454546
17 307 0.25396825396825395
17 222 0.2537313432835821
17 976 0.25
17 56 0.25
17 1085 0.25
17 965 0.24999999999999994
17 852 0.24999999999999994
17 338 0.24615384615384617
17 823 0.2459016393442623
17 184 0.24358974358974358
17 607 0.24358974358974356
17 1051 0.24285714285714288
17 409 0.24137931034482762
17 879 0.24000000000000002
17 394 0.2391304347826087
17 551 0.23684210526315788
17 858 0.23684210526315788
17 845 0.23655913978494628
17 22 0.23655913978494625
17 282 0.23611111111111113
17 387 0.2337662337662338
17 504 0.2328767123287671
17 502 0.23076923076923078
17 941 0.23076923076923078
17 1084 0.23076923076923078
17 1447 0.23076923076923078
17 881 0.23076923076923078
17 469 0.23076923076923075
17 1066 0.22826086956521738
17 140 0.22807017543859648
17 1189 0.22807017543859648
17 293 0.2272727272727273
17 1143 0.22641509433962262
17 376 0.22463768115942034
17 1147 0.22448979591836732
17 1357 0.22448979591836732
17 849 0.2241379310344828
17 981 0.22352941176470587
17 185 0.22330097087378636
17 153 0.22222222222222227
17 846 0.22222222222222224
17 1373 0.2222222222222222
17 1318 0.2222222222222222
17 1071 0.2222222222222222
17 204 0.22222222222222218
17 1049 0.22222222222222218
17 950 0.2197802197802198
17 1266 0.2195121951219512
17 994 0.21875
17 64 0.21874999999999997
17 1371 0.21739130434782608
17 978 0.21621621621621623
17 1252 0.2153846153846154
17 1395 0.21505376344086022
17 242 0.21428571428571425
17 975 0.21428571428571425
17 1229 0.21428571428571425
17 1362 0.2135922330097087
17 331 0.21311475409836067
17 865 0.2125
17 997 0.21212121212121215
17 1418 0.21212121212121213
17 11 0.21212121212121213
17 728 0.21153846153846156
17 593 0.21008403361344538
17 1245 0.21000000000000002
17 904 0.2093023255813953
17 1125 0.20833333333333331
17 182 0.20754716981132074
17 936 0.20689655172413796
17 998 0.20689655172413796
17 246 0.20689655172413796
17 818 0.2058823529411765
17 187 0.20588235294117646
17 203 0.20512820512820512
17 860 0.20512820512820512
17 727 0.20408163265306123
17 260 0.20388349514563103
17 305 0.2037037037037037
17 1020 0.2025316455696203
17 587 0.20224719101123595
17 1296 0.2
17 55 0.2
17 944 0.2
17 20 0.2
17 87 0.2
18 1326 1.0384615384615385
18 1307 0.9411764705882354
18 149 0.8709677419354838
18 727 0.7755102040816328
18 894 0.7608695652173917
18 562 0.689655172413793
18 566 0.6790123456790123
18 812 0.6666666666666666
18 489 0.6300000000000001
18 446 0.5288461538461539
18 603 0.5287356321839081
18 810 0.5
18 355 0.5
18 501 0.5
18 1081 0.4791666666666667
18 1138 0.47619047619047616
18 57 0.475
18 539 0.4736842105263157
18 565 0.47058823529411764
18 732 0.4666666666666666
18 390 0.4657534246575342
18 1282 0.46153846153846156
18 532 0.45454545454545436
18 868 0.4516129032258064
18 780 0.44444444444444453
18 442 0.43137254901960786
18 86 0.42500000000000004
18 1103 0.42500000000000004
18 479 0.41666666666666663
18 508 0.4074074074074074
18 486 0.4074074074074074
18 526 0.4000000000000001
18 444 0.38888888888888884
18 790 0.38775510204081637
18 869 0.38461538461538464
18 62 0.38392857142857145
18 824 0.3823529411764706
18 73 0.38095238095238093
18 820 0.38020833333333326
18 781 0.373134328358209
18 642 0.37254901960784315
18 1134 0.3725490196078431
18 660 0.3666666666666667
18 478 0.36666666666666664
18 491 0.36585365853658547
18 509 0.36538461538461536
18 659 0.359375
18 1089 0.35714285714285704
18 309 0.3561643835616438
18 695 0.35384615384615387
18 445 0.3513513513513513
18 448 0.34615384615384615
18 761 0.3448275862068966
18 488 0.34426229508196726
18 518 0.3414634146341463
18 1325 0.3376623376623377
18 61 0.33766233766233766
18 530 0.3375
18 738 0.3375
18 510 0.33333333333333337
18 871 0.33333333333333337
18 531 0.3333333333333333
18 1126 0.33333333333333326
18 851 0.33333333333333326
18 652 0.328125
18 449 0.3235294117647059
18 684 0.3214285714285714
18 714 0.31914893617021267
18 1230 0.3142857142857143
18 502 0.3076923076923077
18 487 0.30645161290322565
18 829 0.303030303030303
18 740 0.3
18 44 0.2985074626865671
18 52 0.2962962962962962
18 623 0.29545454545454547
18 1366 0.2950819672131148
18 512 0.29347826086956513
18 895 0.2931034482758621
18 459 0.2909090909090909
18 454 0.29032258064516125
18 956 0.2884615384615385
18 702 0.2840909090909091
18 175 0.2833333333333333
18 739 0.2833333333333333
18 1164 0.2833333333333333
18 514 0.2820512820512821
18 805 0.2807017543859649
18 806 0.27941176470588236
18 817 0.2786885245901639
18 1162 0.2786885245901639
18 77 0.276595744680851
18 1364 0.2758620689655173
18 591 0.27419354838709675
18 826 0.273972602739726
18 54 0.27272727272727276
18 458 0.27142857142857146
18 538 0.27142857142857146
18 650 0.2711864406779661
18 1368 0.2682926829268293
18 492 0.26666666666666666
18 733 0.26666666666666666
18 1139 0.26666666666666666
18 680 0.2647058823529412
18 1196 0.2647058823529412
18 29 0.2647058823529412
18 238 0.2631578947368421
18 451 0.2631578947368421
18 429 0.26190476190476186
18 778 0.25925925925925924
18 1120 0.25862068965517243
18 1101 0.25806451612903225
18 1136 0.25806451612903225
18 876 0.2571428571428571
18 688 0.25688073394495414
18 1091 0.2555555555555556
18 572 0.25490196078431365
18 1124 0.25443786982248523
18 1078 0.2542372881355932
18 1037 0.25242718446601936
18 825 0.25000000000000006
18 1129 0.25
18 212 0.25
18 718 0.25
18 495 0.24999999999999997
18 1125 0.24999999999999997
18 586 0.24705882352941178
18 180 0.24637681159420285
18 726 0.24489795918367344
18 634 0.2441860465116279
18 72 0.24324324324324326
18 629 0.2428571428571429
18 520 0.2419354838709677
18 731 0.24137931034482757
18 692 0.23893805309734512
18 411 0.23809523809523808
18 372 0.23809523809523808
18 1385 0.23684210526315785
18 1414 0.23636363636363641
18 1170 0.23636363636363636
18 542 0.2361111111111111
18 1132 0.23529411764705885
18 1166 0.23529411764705882
18 1405 0.23333333333333334
18 703 0.2333333333333333
18 525 0.2295081967213115
18 579 0.22580645161290322
18 1112 0.22580645161290322
18 639 0.2258064516129032
18 590 0.225
18 179 0.22448979591836732
18 870 0.22222222222222227
18 1156 0.22222222222222224
18 857 0.2222222222222222
18 1171 0.2222222222222222
18 625 0.2222222222222222
18 596 0.22222222222222218
18 1327 0.22033898305084743
18 461 0.21978021978021978
18 117 0.21951219512195122
18 28 0.21929824561403508
18 773 0.21929824561403508
18 443 0.21621621621621623
18 835 0.21621621621621623
18 1191 0.21568627450980388
18 1375 0.2153846153846154
18 606 0.2153846153846154
18 1384 0.21428571428571425
18 473 0.21212121212121213
18 570 0.21176470588235294
18 604 0.21
18 148 0.20833333333333334
18 717 0.20833333333333331
18 575 0.20689655172413793
18 1421 0.2065217391304348
18 469 0.20512820512820512
18 840 0.2051282051282051
18 937 0.2051282051282051
18 813 0.2047244094488189
18 150 0.2043795620437956
18 53 0.2028985507246377
18 378 0.20270270270270271
18 779 0.20270270270270271
18 519 0.20224719101123595
18 682 0.2
18 1010 0.2
18 363 0.2
18 471 0.2
18 827 0.2
18 1100 0.2
18 1107 0.2
18 1128 0.2
19 539 0.8157894736842104
19 469 0.7435897435897436
19 1125 0.625
19 565 0.6176470588235294
19 1139 0.6
19 1405 0.6
19 1297 0.59375
19 1166 0.5882352941176471
19 454 0.5806451612903226
19 1170 0.5454545454545454
19 535 0.5384615384615384
19 509 0.5192307692307692
19 459 0.5090909090909091
19 1161 0.5
19 114 0.4883720930232558
19 851 0.48484848484848486
19 1136 0.4838709677419354
19 1158 0.4821428571428571
19 1102 0.48148148148148145
19 837 0.48000000000000004
19 1116 0.47916666666666663
19 372 0.47619047619047616
19 827 0.4666666666666666
19 574 0.46153846153846156
19 1282 0.46153846153846156
19 1053 0.4594594594594595
19 1155 0.4545454545454545
19 175 0.45
19 1103 0.44999999999999996
19 1122 0.44999999999999996
19 1094 0.4444444444444444
19 29 0.4411764705882353
19 1081 0.4375
19 545 0.43243243243243246
19 835 0.43243243243243246
19 323 0.4305555555555556
19 1089 0.42857142857142855
19 1096 0.42424242424242425
19 1078 0.423728813559322
19 1156 0.42222222222222217
19 471 0.42222222222222217
19 1101 0.4193548387096774
19 445 0.41891891891891886
19 461 0.4175824175824176
19 1223 0.41379310344827586
19 1191 0.41176470588235287
19 599 0.40816326530612246
19 254 0.4042553191489361
19 1190 0.40350877192982454
19 1100 0.4
19 1296 0.4
19 60 0.39999999999999997
19 362 0.3939393939393939
19 1370 0.3928571428571428
19 66 0.3913043478260869
19 474 0.38888888888888884
19 1112 0.3870967741935484
19 363 0.3818181818181818
19 1364 0.37931034482758624
19 717 0.375
19 1305 0.375
19 538 0.3714285714285715
19 537 0.37142857142857144
19 122 0.3709677419354839
19 1171 0.37037037037037035
19 30 0.3684210526315789
19 137 0.3648648648648649
19 152 0.36363636363636365
19 540 0.36363636363636365
19 1289 0.36363636363636365
19 1128 0.3636363636363636
19 895 0.3620689655172413
19 1121 0.3611111111111111
19 456 0.359375
19 607 0.35897435897435903
19 458 0.3571428571428572
19 73 0.3571428571428571
19 631 0.3571428571428571
19 733 0.35555555555555557
19 1134 0.35294117647058826
19 1307 0.35294117647058826
19 1220 0.35
19 1092 0.35
19 1012 0.34883720930232553
19 585 0.3472222222222222
19 1110 0.3461538461538462
19 907 0.34375
19 803 0.33695652173913043
19 1059 0.3333333333333333
19 839 0.32926829268292684
19 611 0.3289473684210526
19 85 0.3258426966292135
19 496 0.32142857142857145
19 684 0.3214285714285714
19 453 0.3207547169811321
19 1022 0.31818181818181823
19 136 0.3129770992366413
19 575 0.31034482758620696
19 163 0.31034482758620685
19 133 0.30769230769230765
19 140 0.3070175438596491
19 179 0.30612244897959184
19 1383 0.3055555555555556
19 1368 0.30487804878048785
19 1361 0.3043478260869565
19 313 0.30158730158730157
19 375 0.30000000000000004
19 429 0.2976190476190476
19 123 0.2960893854748603
19 648 0.29577464788732394
19 1105 0.29577464788732394
19 533 0.2923076923076923
19 180 0.2898550724637681
19 451 0.2894736842105263
19 1115 0.2894736842105263
19 176 0.28888888888888886
19 650 0.288135593220339
19 1095 0.2857142857142857
19 1138 0.2857142857142857
19 1448 0.2857142857142857
19 316 0.2857142857142857
19 655 0.2831858407079646
19 1179 0.28205128205128205
19 630 0.2803738317757009
19 166 0.28
19 481 0.28
19 1107 0.28
19 334 0.2777777777777778
19 460 0.2777777777777778
19 321 0.276595744680851
19 2 0.2763157894736842
19 1113 0.27586206896551724
19 487 0.27419354838709675
19 1027 0.27419354838709675
19 1413 0.27272727272727276
19 640 0.2727272727272727
19 1295 0.2727272727272727
19 1303 0.2727272727272727
19 707 0.2711864406779661
19 1038 0.2702702702702703
19 1169 0.2702702702702703
19 1428 0.2702702702702703
19 1264 0.2682926829268293
19 965 0.26785714285714285
19 434 0.26666666666666666
19 1164 0.26666666666666666
19 1283 0.26666666666666666
19 982 0.265625
19 346 0.2647058823529412
19 1077 0.2647058823529412
19 1106 0.2647058823529412
19 1178 0.2647058823529412
19 202 0.26388888888888884
19 563 0.2631578947368421
19 488 0.26229508196721313
19 1162 0.26229508196721313
19 1309 0.26119402985074625
19 615 0.2608695652173913
19 807 0.2608695652173913
19 516 0.2602739726027397
19 463 0.26
19 526 0.26
19 3 0.25806451612903225
19 131 0.256637168141593
19 497 0.2558139534883721
19 730 0.2549019607843137
19 1298 0.2549019607843137
19 780 0.25000000000000006
19 746 0.25
19 15 0.25
19 347 0.25
19 1120 0.25
19 1153 0.25
19 1323 0.25
19 501 0.24999999999999997
19 690 0.24999999999999997
19 703 0.24999999999999997
19 135 0.24999999999999994
19 1392 0.24705882352941178
19 338 0.24615384615384617
19 621 0.24590163934426226
19 318 0.24324324324324326
19 1104 0.24324324324324326
19 853 0.24000000000000002
19 23 0.24
19 1422 0.2394366197183099
19 967 0.2391304347826087
19 578 0.23809523809523808
19 1373 0.23809523809523808
19 199 0.2368421052631579
19 147 0.23529411764705882
19 327 0.23529411764705882
19 567 0.23529411764705882
19 1367 0.234375
19 582 0.2337662337662338
19 1098 0.23376623376623376
19 1011 0.23333333333333334
19 388 0.23148148148148148
19 560 0.23076923076923078
19 956 0.23076923076923078
19 993 0.23076923076923078
19 1084 0.23076923076923078
19 1326 0.23076923076923078
19 1447 0.23076923076923078
19 1181 0.22950819672131145
19 490 0.22935779816513763
19 1123 0.22916666666666666
19 159 0.22807017543859648
19 942 0.22807017543859648
19 1076 0.22580645161290322
19 572 0.22549019607843135
19 67 0.225
19 57 0.22499999999999998
19 376 0.22463768115942032
19 1362 0.2233009708737864
19 598 0.2230769230769231
19 606 0.2230769230769231
19 846 0.22222222222222224
19 274 0.2222222222222222
19 577 0.2222222222222222
19 1348 0.2222222222222222
19 510 0.2222222222222222
19 126 0.2209944751381216
19 806 0.22058823529411764
19 518 0.21951219512195125
19 119 0.21951219512195122
19 826 0.2191780821917808
19 592 0.21904761904761902
19 138 0.21782178217821782
19 658 0.21666666666666667
19 129 0.21428571428571433
19 1258 0.2142857142857143
19 462 0.21428571428571427
19 856 0.21428571428571427
19 1037 0.21359223300970873
19 1173 0.21311475409836067
19 473 0.21212121212121213
19 532 0.21212121212121213
19 636 0.21081081081081082
19 1016 0.21052631578947367
19 480 0.21000000000000002
19 972 0.20930232558139533
19 664 0.20833333333333337
19 61 0.20779220779220778
19 731 0.20689655172413796
19 187 0.2058823529411765
19 121 0.20588235294117646
19 95 0.20512820512820512
19 525 0.20491803278688528
19 702 0.20454545454545453
19 579 0.20430107526881724
19 475 0.2043010752688172
19 1198 0.2037037037037037
19 1431 0.2037037037037037
19 692 0.20353982300884954
19 513 0.203125
19 378 0.20270270270270271
19 373 0.2019230769230769
19 389 0.2
19 502 0.2
19 914 0.2
19 1129 0.2
19 1280 0.2
20 444 1.4444444444444444
20 851 0.8181818181818181
20 39 0.8055555555555557
20 1282 0.7692307692307692
20 473 0.7575757575757573
20 806 0.676470588235294
20 509 0.6346153846153845
20 1287 0.6153846153846154
20 61 0.5974025974025975
20 713 0.5945945945945946
20 956 0.5769230769230769
20 1285 0.5599999999999999
20 625 0.5555555555555556
20 659 0.546875
20 486 0.5308641975308641
20 1307 0.5294117647058824
20 805 0.5263157894736843
20 50 0.5128205128205129
20 632 0.4875000000000001
20 449 0.48529411764705876
20 1136 0.4838709677419355
20 445 0.4729729729729729
20 565 0.47058823529411764
20 232 0.46153846153846156
20 1376 0.45454545454545453
20 447 0.4507042253521127
20 519 0.4494382022471911
20 485 0.43902439024390255
20 652 0.4375
20 487 0.43548387096774177
20 73 0.4285714285714286
20 1138 0.42857142857142855
20 492 0.42666666666666664
20 127 0.42307692307692313
20 448 0.4230769230769231
20 744 0.42105263157894735
20 1290 0.41666666666666663
20 895 0.41379310344827575
20 660 0.40833333333333344
20 1117 0.40625
20 993 0.4
20 754 0.39999999999999997
20 539 0.39473684210526316
20 1281 0.3939393939393939
20 518 0.3902439024390244
20 871 0.38888888888888895
20 523 0.38235294117647056
20 503 0.3764705882352942
20 969 0.375
20 330 0.3739130434782609
20 762 0.368421052631579
20 129 0.36428571428571427
20 1303 0.36363636363636365
20 1119 0.3636363636363636
20 604 0.36000000000000004
20 464 0.3529411764705882
20 472 0.35106382978723405
20 634 0.3488372093023256
20 1375 0.3384615384615385
20 1274 0.3378378378378379
20 510 0.33333333333333337
20 1054 0.32846715328467146
20 68 0.324561403508772
20 1277 0.32075471698113206
20 702 0.3181818181818182
20 51 0.3157894736842105
20 1127 0.3157894736842105
20 567 0.3137254901960784
20 733 0.3111111111111111
20 1396 0.3106060606060606
20 125 0.30952380952380953
20 459 0.3090909090909091
20 89 0.3072625698324022
20 615 0.30434782608695654
20 362 0.30303030303030304
20 829 0.303030303030303
20 1004 0.3
20 70 0.3
20 28 0.29824561403508776
20 71 0.2967032967032967
20 623 0.2954545454545455
20 644 0.2916666666666667
20 454 0.29032258064516125
20 562 0.28735632183908044
20 631 0.2857142857142857
20 58 0.28409090909090906
20 566 0.2839506172839506
20 1238 0.2833333333333333
20 176 0.27777777777777773
20 611 0.2763157894736841
20 1195 0.27586206896551724
20 575 0.2758620689655172
20 532 0.2727272727272727
20 612 0.2727272727272727
20 626 0.2727272727272727
20 1078 0.27118644067796616
20 650 0.2711864406779661
20 528 0.2708333333333333
20 78 0.2702702702702703
20 835 0.2702702702702703
20 307 0.2698412698412698
20 728 0.2692307692307692
20 813 0.26771653543307083
20 734 0.26666666666666666
20 1283 0.26666666666666666
20 55 0.26666666666666666
20 461 0.2637362637362637
20 867 0.2631578947368421
20 451 0.2631578947368421
20 1083 0.2631578947368421
20 962 0.26229508196721313
20 488 0.2622950819672131
20 636 0.2594594594594595
20 877 0.25806451612903225
20 812 0.2575757575757575
20 1013 0.2549019607843137
20 1327 0.2542372881355932
20 894 0.2536231884057971
20 731 0.25287356321839083
20 780 0.25
20 1165 0.24561403508771928
20 374 0.24444444444444446
20 471 0.24444444444444446
20 1368 0.24390243902439027
20 873 0.2419354838709677
20 235 0.24074074074074073
20 526 0.23999999999999996
20 479 0.23809523809523808
20 1197 0.23809523809523808
20 1278 0.23809523809523808
20 1134 0.23529411764705882
20 546 0.2345679012345679
20 1377 0.23333333333333334
20 1139 0.2333333333333333
20 310 0.23300970873786409
20 757 0.23076923076923078
20 1001 0.23076923076923078
20 79 0.22916666666666663
20 458 0.2285714285714286
20 538 0.2285714285714286
20 483 0.22784810126582278
20 705 0.22727272727272724
20 576 0.22641509433962262
20 898 0.22580645161290325
20 868 0.22580645161290322
20 601 0.22499999999999998
20 1254 0.21951219512195125
20 773 0.21929824561403508
20 309 0.2191780821917808
20 718 0.21875
20 1170 0.21818181818181817
20 883 0.21686746987951808
20 779 0.21621621621621623
20 450 0.2153846153846154
20 999 0.21428571428571425
20 1124 0.21301775147928997
20 1291 0.2127659574468085
20 1344 0.21276595744680848
20 67 0.2125
20 1096 0.21212121212121213
20 145 0.211864406779661
20 193 0.21052631578947367
20 959 0.20967741935483872
20 74 0.20833333333333337
20 42 0.20779220779220783
20 299 0.20689655172413796
20 1448 0.20634920634920634
20 1024 0.2058823529411765
20 1196 0.2058823529411765
20 1441 0.2058823529411765
20 233 0.2058823529411765
20 531 0.2051282051282051
20 292 0.20454545454545459
20 727 0.2040816326530612
20 564 0.20224719101123595
20 446 0.20192307692307693
20 223 0.2013422818791946
20 827 0.2
20 1405 0.2
21 469 0.20512820512820512
22 689 1.1
22 615 1.0724637681159421
22 451 1.0526315789473681
22 1413 1.0000000000000002
22 872 0.9272727272727272
22 1136 0.9193548387096775
22 1139 0.8666666666666666
22 1225 0.8333333333333335
22 54 0.8181818181818183
22 1289 0.8181818181818183
22 1170 0.8000000000000002
22 336 0.7843137254901961
22 534 0.7777777777777775
22 710 0.7619047619047619
22 72 0.7567567567567568
22 1293 0.75
22 481 0.74
22 565 0.7352941176470589
22 1110 0.7307692307692308
22 1038 0.7297297297297296
22 682 0.7294117647058824
22 611 0.7236842105263158
22 508 0.7222222222222221
22 1341 0.7162162162162163
22 670 0.712121212121212
22 1112 0.7096774193548385
22 1125 0.7083333333333331
22 709 0.7027027027027026
22 1128 0.690909090909091
22 309 0.6849315068493151
22 1127 0.6842105263157894
22 491 0.6829268292682926
22 617 0.6741573033707866
22 165 0.6666666666666666
22 1290 0.6666666666666666
22 591 0.661290322580645
22 833 0.6590909090909092
22 514 0.6538461538461537
22 484 0.641304347826087
22 526 0.6400000000000001
22 504 0.6301369863013699
22 642 0.627450980392157
22 492 0.6266666666666667
22 1361 0.6086956521739129
22 1126 0.606060606060606
22 254 0.5957446808510637
22 699 0.5952380952380951
22 1236 0.5945945945945947
22 659 0.59375
22 606 0.5923076923076924
22 727 0.5918367346938778
22 67 0.5874999999999999
22 779 0.5810810810810811
22 579 0.5806451612903225
22 1327 0.5762711864406779
22 693 0.5714285714285714
22 175 0.5666666666666668
22 421 0.5666666666666667
22 707 0.559322033898305
22 1103 0.55
22 382 0.5438596491228069
22 482 0.5432098765432098
22 1179 0.5384615384615384
22 1326 0.5384615384615384
22 1089 0.5357142857142856
22 739 0.5333333333333333
22 179 0.5306122448979593
22 593 0.5294117647058824
22 989 0.5283018867924528
22 880 0.5263157894736842
22 676 0.5230769230769231
22 993 0.523076923076923
22 825 0.5192307692307692
22 742 0.5135135135135136
22 620 0.5106382978723404
22 695 0.5076923076923077
22 523 0.5073529411764705
22 648 0.5070422535211268
22 986 0.5056179775280899
22 1106 0.5
22 1209 0.5
22 1171 0.49382716049382713
22 1104 0.4864864864864865
22 703 0.4833333333333333
22 501 0.4749999999999999
22 1121 0.4722222222222223
22 510 0.4722222222222223
22 826 0.4657534246575342
22 49 0.46511627906976744
22 674 0.46153846153846145
22 445 0.45945945945945954
22 64 0.4583333333333333
22 1078 0.4576271186440679
22 645 0.45283018867924524
22 630 0.4485981308411215
22 539 0.4473684210526315
22 458 0.4428571428571429
22 538 0.4428571428571429
22 319 0.44230769230769235
22 128 0.4414414414414415
22 27 0.440677966101695
22 1107 0.44
22 1193 0.44
22 469 0.4358974358974359
22 644 0.4305555555555556
22 1062 0.42857142857142866
22 731 0.42528735632183895
22 57 0.4250000000000001
22 1084 0.423076923076923
22 1447 0.423076923076923
22 1367 0.421875
22 897 0.42105263157894735
22 874 0.42028985507246375
22 1375 0.4153846153846154
22 243 0.4133333333333333
22 1366 0.4098360655737705
22 434 0.3999999999999999
22 809 0.3958333333333333
22 1012 0.39534883720930225
22 647 0.39473684210526316
22 1360 0.3947368421052631
22 378 0.3918918918918919
22 660 0.39166666666666683
22 783 0.3902439024390244
22 639 0.38709677419354827
22 467 0.38709677419354827
22 801 0.3857142857142858
22 446 0.38461538461538464
22 486 0.38271604938271603
22 1077 0.3823529411764706
22 806 0.3823529411764706
22 612 0.3787878787878787
22 137 0.3783783783783783
22 865 0.37499999999999994
22 723 0.3749999999999999
22 1081 0.3749999999999999
22 389 0.37142857142857144
22 1102 0.37037037037037035
22 159 0.3684210526315789
22 1017 0.36734693877551017
22 483 0.36708860759493683
22 671 0.36708860759493667
22 1264 0.36585365853658547
22 252 0.3658536585365854
22 528 0.36458333333333337
22 152 0.36363636363636365
22 532 0.36363636363636354
22 325 0.3611111111111112
22 871 0.36111111111111116
22 1404 0.3611111111111111
22 1207 0.359375
22 866 0.35714285714285704
22 517 0.3561643835616438
22 868 0.35483870967741926
22 1120 0.35344827586206895
22 1166 0.35294117647058826
22 1004 0.35
22 634 0.3488372093023256
22 66 0.3478260869565217
22 123 0.34636871508379874
22 509 0.34615384615384615
22 1163 0.34615384615384615
22 603 0.34482758620689646
22 754 0.34
22 1105 0.3380281690140844
22 1098 0.33766233766233766
22 530 0.3375000000000001
22 883 0.3373493975903614
22 74 0.3333333333333334
22 1096 0.33333333333333337
22 1156 0.33333333333333337
22 1405 0.33333333333333337
22 468 0.33333333333333337
22 1280 0.33333333333333337
22 190 0.3333333333333333
22 690 0.3333333333333333
22 773 0.3333333333333333
22 827 0.3333333333333333
22 1093 0.3333333333333333
22 1190 0.3333333333333333
22 840 0.3333333333333333
22 870 0.3333333333333333
22 1281 0.33333333333333326
22 594 0.3305785123966942
22 490 0.3302752293577982
22 461 0.3296703296703298
22 979 0.3287671232876712
22 1051 0.3285714285714286
22 1333 0.3283582089552239
22 456 0.328125
22 1241 0.328125
22 1113 0.32758620689655166
22 1436 0.3272727272727273
22 202 0.32638888888888884
22 13 0.32432432432432434
22 720 0.323943661971831
22 1101 0.32258064516129026
22 626 0.3181818181818182
22 850 0.31746031746031744
22 373 0.3173076923076923
22 1229 0.31632653061224486
22 537 0.31428571428571433
22 224 0.3132530120481928
22 136 0.31297709923664135
22 547 0.31250000000000006
22 1116 0.3125
22 1223 0.3103448275862069
22 895 0.31034482758620685
22 497 0.31007751937984496
22 529 0.3095238095238097
22 597 0.30909090909090914
22 610 0.308641975308642
22 546 0.30864197530864196
22 607 0.30769230769230776
22 574 0.3076923076923077
22 841 0.30769230769230765
22 599 0.30612244897959184
22 1158 0.30357142857142855
22 85 0.303370786516854
22 1109 0.3018867924528302
22 1296 0.30000000000000004
22 814 0.3
22 1122 0.3
22 1161 0.3
22 1164 0.3
22 387 0.29870129870129875
22 318 0.2972972972972973
22 646 0.29670329670329665
22 474 0.2962962962962963
22 1409 0.2962962962962963
22 1155 0.2954545454545454
22 1230 0.2952380952380953
22 1162 0.29508196721311475
22 595 0.29411764705882354
22 1358 0.29347826086956513
22 575 0.29310344827586204
22 1180 0.2923076923076923
22 717 0.29166666666666663
22 459 0.2909090909090909
22 454 0.29032258064516125
22 372 0.2857142857142857
22 386 0.2857142857142857
22 625 0.2857142857142857
22 419 0.28421052631578947
22 1114 0.2830188679245283
22 1143 0.2830188679245283
22 1117 0.28125
22 942 0.2807017543859649
22 853 0.28
22 60 0.27999999999999997
22 1057 0.2790697674418604
22 780 0.27777777777777785
22 585 0.2777777777777778
22 1059 0.2777777777777778
22 502 0.27692307692307694
22 990 0.2758620689655173
22 1364 0.27586206896551724
22 515 0.275
22 1129 0.275
22 1191 0.2745098039215686
22 802 0.273972602739726
22 1111 0.2727272727272727
22 512 0.2717391304347826
22 890 0.27058823529411763
22 1368 0.2682926829268293
22 119 0.2682926829268293
22 741 0.26829268292682923
22 965 0.26785714285714285
22 1363 0.26744186046511625
22 843 0.26666666666666666
22 733 0.26666666666666666
22 1100 0.26666666666666666
22 655 0.26548672566371684
22 29 0.2647058823529412
22 681 0.2631578947368421
22 719 0.2631578947368421
22 1073 0.26262626262626265
22 429 0.261904761904762
22 637 0.26190476190476186
22 533 0.26153846153846155
22 61 0.25974025974025977
22 566 0.25925925925925924
22 1094 0.25925925925925924
22 849 0.25862068965517243
22 796 0.2580645161290322
22 609 0.2567567567567568
22 535 0.2564102564102564
22 641 0.25510204081632654
22 525 0.25409836065573776
22 1348 0.25396825396825395
22 884 0.2537313432835821
22 771 0.25
22 1305 0.25
22 10 0.25
22 683 0.25
22 601 0.24999999999999997
22 852 0.24999999999999994
22 1249 0.24705882352941172
22 916 0.24691358024691357
22 1309 0.24626865671641782
22 471 0.24444444444444446
22 835 0.24324324324324326
22 1053 0.24324324324324326
22 262 0.24285714285714288
22 362 0.24242424242424243
22 829 0.24242424242424243
22 1148 0.24137931034482762
22 46 0.2391304347826087
22 803 0.23913043478260868
22 222 0.23880597014925367
22 1138 0.23809523809523808
22 1456 0.23809523809523808
22 126 0.2375690607734806
22 970 0.2375
22 842 0.2372881355932204
22 744 0.23684210526315788
22 687 0.2365591397849463
22 845 0.23655913978494622
22 363 0.23636363636363633
22 323 0.2361111111111111
22 519 0.23595505617977527
22 1307 0.23529411764705882
22 824 0.23529411764705882
22 730 0.23529411764705876
22 77 0.23404255319148937
22 114 0.23255813953488372
22 213 0.23188405797101452
22 522 0.23076923076923084
22 466 0.23076923076923078
22 1282 0.23076923076923078
22 725 0.23076923076923078
22 1287 0.23076923076923078
22 956 0.23076923076923075
22 860 0.23076923076923073
22 448 0.23076923076923073
22 407 0.22972972972972974
22 629 0.2285714285714286
22 1144 0.22772277227722776
22 623 0.2272727272727273
22 1022 0.2272727272727273
22 540 0.22727272727272727
22 997 0.22727272727272727
22 122 0.22580645161290322
22 704 0.2238805970149253
22 135 0.2236842105263157
22 1383 0.2222222222222222
22 728 0.22115384615384612
22 582 0.22077922077922082
22 1339 0.22077922077922082
22 815 0.22058823529411767
22 1297 0.21875
22 294 0.2181818181818182
22 180 0.2173913043478261
22 287 0.21621621621621623
22 1298 0.21568627450980393
22 147 0.2156862745098039
22 567 0.21568627450980388
22 572 0.21568627450980385
22 889 0.2153846153846154
22 954 0.2142857142857143
22 62 0.21428571428571427
22 684 0.21428571428571427
22 666 0.21428571428571427
22 1362 0.2135922330097087
22 1000 0.2127659574468085
22 590 0.21250000000000002
22 705 0.2121212121212121
22 1427 0.2117647058823529
22 133 0.2115384615384615
22 1001 0.2115384615384615
22 477 0.21052631578947362
22 166 0.21
22 506 0.2093023255813953
22 737 0.20895522388059695
22 347 0.20833333333333334
22 453 0.20754716981132076
22 452 0.20754716981132074
22 265 0.20689655172413796
22 297 0.20689655172413796
22 1421 0.20652173913043476
22 274 0.20634920634920634
22 1373 0.20634920634920634
22 1196 0.2058823529411765
22 702 0.2045454545454545
22 134 0.2037037037037037
22 716 0.20338983050847462
22 321 0.20212765957446807
22 317 0.20000000000000004
22 425 0.2
22 1220 0.2
22 1283 0.2
22 734 0.2
23 1413 0.8636363636363635
23 1133 0.7333333333333333
23 1163 0.7307692307692308
23 501 0.7000000000000002
23 1326 0.6153846153846154
23 1307 0.47058823529411764
23 812 0.4545454545454545
23 627 0.4257425742574258
23 1139 0.39999999999999997
23 30 0.38596491228070173
23 989 0.3773584905660377
23 69 0.375
23 732 0.36666666666666664
23 508 0.35185185185185186
23 36 0.35
23 1171 0.345679012345679
23 798 0.33913043478260874
23 566 0.3333333333333333
23 1138 0.3333333333333333
23 894 0.32608695652173914
23 530 0.32500000000000007
23 149 0.3225806451612903
23 54 0.31818181818181823
23 478 0.31666666666666665
23 562 0.3103448275862069
23 488 0.2950819672131148
23 1264 0.29268292682926833
23 1081 0.29166666666666663
23 868 0.29032258064516125
23 2 0.28947368421052627
23 176 0.2888888888888888
23 390 0.2876712328767123
23 535 0.282051282051282
23 489 0.28
23 766 0.275
23 57 0.275
23 1073 0.27272727272727276
23 532 0.2727272727272727
23 638 0.2727272727272727
23 205 0.26436781609195403
23 225 0.2641509433962264
23 1012 0.2558139534883721
23 442 0.2549019607843137
23 704 0.25373134328358204
23 479 0.25
23 151 0.2432432432432432
23 992 0.24137931034482762
23 692 0.23893805309734514
23 762 0.23684210526315788
23 355 0.23611111111111113
23 1166 0.23529411764705882
23 469 0.23076923076923075
23 71 0.23076923076923073
23 1224 0.22972972972972974
23 347 0.22916666666666666
23 803 0.22826086956521735
23 789 0.22807017543859648
23 1155 0.2272727272727273
23 1076 0.22580645161290322
23 614 0.22448979591836735
23 167 0.2241379310344828
23 1018 0.22352941176470587
23 446 0.22115384615384615
23 836 0.22000000000000003
23 624 0.22
23 212 0.21875
23 907 0.21875
23 363 0.2181818181818182
23 127 0.21794871794871792
23 743 0.2173913043478261
23 1421 0.21739130434782605
23 1118 0.21568627450980393
23 1384 0.21428571428571425
23 85 0.21348314606741572
23 570 0.2117647058823529
23 847 0.20930232558139533
23 972 0.20930232558139533
23 161 0.2093023255813953
23 1125 0.20833333333333331
23 1325 0.2077922077922078
23 603 0.20689655172413796
23 1373 0.20634920634920634
23 824 0.20588235294117646
23 802 0.2054794520547945
23 15 0.20454545454545459
23 1430 0.2040816326530612
23 599 0.2040816326530612
23 659 0.203125
23 429 0.20238095238095233
23 773 0.20175438596491227
23 1414 0.20000000000000004
23 511 0.2
23 1296 0.2
24 539 1.0526315789473684
24 469 0.9487179487179487
24 1296 0.8999999999999999
24 1284 0.875
24 1125 0.8333333333333333
24 565 0.823529411764706
24 454 0.8064516129032259
24 1405 0.7666666666666666
24 1166 0.7647058823529412
24 1289 0.7272727272727274
24 1279 0.7272727272727273
24 1106 0.7058823529411765
24 1122 0.7
24 1139 0.7
24 509 0.6923076923076922
24 459 0.690909090909091
24 60 0.68
24 827 0.6666666666666666
24 1158 0.6428571428571429
24 1155 0.6363636363636362
24 175 0.6333333333333334
24 965 0.625
24 1053 0.6216216216216217
24 372 0.6190476190476191
24 254 0.6170212765957447
24 574 0.6153846153846154
24 1282 0.6153846153846154
24 599 0.6122448979591837
24 851 0.6060606060606061
24 375 0.6
24 1103 0.6
24 1136 0.596774193548387
24 1095 0.5952380952380951
24 535 0.5897435897435896
24 29 0.5882352941176471
24 1116 0.5833333333333334
24 363 0.5818181818181818
24 114 0.5813953488372093
24 137 0.5810810810810811
24 1089 0.5714285714285714
24 1288 0.5714285714285714
24 642 0.5686274509803922
24 1161 0.5666666666666667
24 1264 0.5609756097560976
24 1121 0.5555555555555556
24 471 0.5555555555555555
24 1094 0.5555555555555555
24 1303 0.5454545454545455
24 540 0.5454545454545454
24 1078 0.5423728813559322
24 445 0.5405405405405405
24 461 0.5384615384615384
24 475 0.5376344086021505
24 1100 0.5333333333333333
24 1156 0.5333333333333333
24 462 0.5238095238095238
24 66 0.5217391304347826
24 1081 0.5208333333333334
24 474 0.5185185185185184
24 1364 0.5172413793103448
24 122 0.5161290322580645
24 1101 0.5161290322580645
24 1112 0.5161290322580645
24 1179 0.5128205128205129
24 607 0.5128205128205128
24 1170 0.5090909090909091
24 73 0.5
24 611 0.5
24 717 0.5
24 1305 0.5
24 895 0.49999999999999994
24 85 0.4943820224719101
24 575 0.49137931034482757
24 1128 0.49090909090909085
24 1012 0.48837209302325574
24 2 0.48684210526315785
24 537 0.48571428571428577
24 152 0.48484848484848486
24 362 0.48484848484848486
24 1096 0.48484848484848486
24 526 0.4799999999999999
24 458 0.4714285714285715
24 538 0.4714285714285715
24 1134 0.4705882352941177
24 1307 0.4705882352941177
24 1191 0.4705882352941176
24 907 0.46875
24 803 0.46739130434782605
24 648 0.46478873239436613
24 133 0.46153846153846156
24 338 0.46153846153846156
24 1110 0.46153846153846156
24 323 0.4583333333333333
24 148 0.45833333333333326
24 1257 0.4571428571428572
24 1171 0.4567901234567901
24 1190 0.45614035087719296
24 640 0.4545454545454545
24 456 0.453125
24 982 0.453125
24 163 0.4482758620689655
24 116 0.4473684210526315
24 769 0.44680851063829774
24 771 0.44444444444444453
24 733 0.4444444444444444
24 1059 0.4444444444444444
24 1102 0.4444444444444444
24 1178 0.44117647058823534
24 1105 0.43661971830985913
24 835 0.43243243243243246
24 147 0.4313725490196078
24 179 0.4285714285714286
24 631 0.4285714285714285
24 856 0.4285714285714285
24 585 0.4166666666666667
24 1315 0.41463414634146345
24 1120 0.41379310344827586
24 1223 0.41379310344827586
24 730 0.4117647058823529
24 1022 0.40909090909090906
24 460 0.4074074074074074
24 1146 0.40740740740740733
24 1323 0.40625
24 429 0.40476190476190477
24 1009 0.4029850746268656
24 839 0.4024390243902439
24 481 0.4000000000000001
24 1151 0.4
24 1220 0.4
24 176 0.39999999999999997
24 658 0.39999999999999997
24 1092 0.39999999999999997
24 1283 0.39999999999999997
24 453 0.39622641509433965
24 96 0.3950617283950617
24 340 0.39160839160839167
24 1383 0.3888888888888889
24 1027 0.3870967741935484
24 942 0.38596491228070173
24 1011 0.3833333333333333
24 98 0.3818181818181819
24 1138 0.38095238095238093
24 1368 0.3780487804878048
24 1297 0.375
24 1367 0.375
24 1410 0.375
24 630 0.37383177570093457
24 707 0.3728813559322034
24 972 0.37209302325581395
24 166 0.37
24 1361 0.3695652173913043
24 560 0.36923076923076925
24 1115 0.368421052631579
24 490 0.3669724770642202
24 703 0.36666666666666664
24 914 0.36666666666666664
24 1164 0.36666666666666664
24 15 0.3636363636363637
24 1413 0.3636363636363637
24 1295 0.36363636363636365
24 131 0.36283185840707965
24 1113 0.3620689655172414
24 871 0.36111111111111116
24 160 0.3608247422680412
24 1162 0.36065573770491804
24 136 0.35877862595419846
24 123 0.35754189944134074
24 32 0.3571428571428572
24 966 0.3571428571428572
24 684 0.3571428571428571
24 434 0.35555555555555557
24 135 0.3552631578947367
24 925 0.35483870967741926
24 598 0.3538461538461538
24 346 0.35294117647058826
24 1077 0.35294117647058826
24 1169 0.35135135135135137
24 321 0.35106382978723405
24 690 0.35
24 1373 0.3492063492063492
24 899 0.3484848484848485
24 180 0.34782608695652173
24 615 0.34782608695652173
24 438 0.34782608695652173
24 1326 0.3461538461538462
24 95 0.34615384615384615
24 451 0.34210526315789475
24 1203 0.33962264150943394
24 4 0.3392857142857142
24 378 0.33783783783783794
24 1408 0.336734693877551
24 655 0.33628318584070793
24 132 0.33613445378151263
24 334 0.33333333333333337
24 347 0.3333333333333333
24 937 0.3333333333333333
24 943 0.3333333333333333
24 202 0.33333333333333326
24 516 0.3287671232876712
24 1258 0.3285714285714286
24 513 0.328125
24 488 0.3278688524590164
24 1181 0.3278688524590164
24 961 0.3278688524590164
24 1099 0.3255813953488372
24 57 0.325
24 140 0.32456140350877194
24 318 0.32432432432432434
24 1038 0.32432432432432434
24 592 0.3238095238095239
24 889 0.3230769230769231
24 1076 0.3225806451612903
24 1268 0.3225806451612903
24 487 0.32258064516129026
24 1401 0.32142857142857134
24 463 0.32
24 837 0.32
24 853 0.32
24 1107 0.32
24 376 0.3188405797101449
24 900 0.3181818181818182
24 915 0.3157894736842105
24 1298 0.3137254901960784
24 67 0.3125
24 1098 0.3116883116883117
24 304 0.3103448275862069
24 496 0.30952380952380953
24 606 0.3076923076923077
24 956 0.3076923076923077
24 1084 0.3076923076923077
24 1447 0.3076923076923077
24 243 0.30666666666666664
24 1309 0.30597014925373134
24 1403 0.30379746835443044
24 1114 0.3018867924528302
24 501 0.30000000000000004
24 1183 0.30000000000000004
24 478 0.3
24 373 0.2980769230769231
24 1211 0.2978723404255319
24 314 0.2954545454545454
24 621 0.29508196721311475
24 1173 0.29508196721311475
24 806 0.29411764705882354
24 328 0.29333333333333333
24 910 0.29310344827586204
24 518 0.29268292682926833
24 1362 0.2912621359223301
24 553 0.29090909090909095
24 295 0.2909090909090909
24 796 0.29032258064516125
24 619 0.2894736842105263
24 293 0.28787878787878785
24 126 0.28729281767955794
24 274 0.2857142857142857
24 1130 0.2857142857142857
24 960 0.2857142857142857
24 327 0.28431372549019607
24 616 0.2835820895522388
24 967 0.28260869565217395
24 1379 0.28260869565217395
24 583 0.28125
24 1209 0.28125
24 922 0.2786885245901639
24 74 0.2777777777777778
24 646 0.2747252747252747
24 948 0.27419354838709675
24 440 0.273972602739726
24 826 0.273972602739726
24 109 0.273972602739726
24 626 0.27272727272727276
24 61 0.2727272727272727
24 1037 0.27184466019417475
24 27 0.2711864406779661
24 650 0.2711864406779661
24 287 0.2702702702702703
24 534 0.2698412698412698
24 514 0.2692307692307693
24 1378 0.2686567164179104
24 257 0.26804123711340205
24 828 0.2678571428571428
24 439 0.26744186046511625
24 63 0.26666666666666666
24 734 0.26666666666666666
24 241 0.2658227848101266
24 572 0.2647058823529412
24 680 0.2647058823529412
24 1208 0.2641509433962264
24 497 0.26356589147286824
24 525 0.26229508196721313
24 985 0.2622950819672131
24 1382 0.26190476190476186
24 1219 0.26136363636363635
24 807 0.26086956521739124
24 1047 0.25974025974025977
24 486 0.25925925925925924
24 388 0.2592592592592592
24 591 0.25806451612903225
24 1174 0.25806451612903225
24 1412 0.25806451612903225
24 612 0.25757575757575757
24 129 0.2571428571428571
24 664 0.2569444444444445
24 1390 0.25581395348837205
24 1448 0.25396825396825395
24 1197 0.25396825396825395
24 31 0.25333333333333335
24 325 0.25
24 590 0.25
24 1153 0.25
24 370 0.25
24 510 0.24999999999999997
24 686 0.24999999999999994
24 138 0.24752475247524752
24 533 0.24615384615384617
24 259 0.24561403508771928
24 267 0.24561403508771928
24 1143 0.24528301886792453
24 174 0.24444444444444444
24 119 0.24390243902439024
24 783 0.24390243902439024
24 1428 0.24324324324324326
24 473 0.24242424242424243
24 532 0.24242424242424243
24 829 0.24242424242424243
24 1126 0.24242424242424243
24 381 0.2421052631578948
24 71 0.24175824175824173
24 761 0.2413793103448276
24 348 0.24107142857142855
24 134 0.24074074074074073
24 1198 0.24074074074074073
24 1431 0.24074074074074073
24 722 0.24000000000000002
24 633 0.24
24 704 0.23880597014925367
24 544 0.23853211009174313
24 125 0.23809523809523808
24 1446 0.23809523809523808
24 672 0.23684210526315788
24 199 0.23684210526315785
24 1250 0.23684210526315785
24 567 0.23529411764705885
24 121 0.23529411764705882
24 1018 0.23529411764705882
24 1455 0.23529411764705882
24 395 0.23529411764705882
24 916 0.2345679012345679
24 652 0.234375
24 1207 0.234375
24 1241 0.234375
24 660 0.2333333333333333
24 1432 0.23300970873786403
24 309 0.2328767123287671
24 504 0.2328767123287671
24 844 0.23255813953488372
24 252 0.23170731707317074
24 319 0.2307692307692308
24 162 0.23076923076923075
24 666 0.23015873015873015
24 883 0.22891566265060245
24 842 0.2288135593220339
24 389 0.2285714285714286
24 629 0.22857142857142856
24 68 0.22807017543859648
24 953 0.22807017543859648
24 156 0.22680412371134018
24 845 0.22580645161290325
24 947 0.22580645161290322
24 1424 0.2258064516129032
24 519 0.2247191011235955
24 641 0.22448979591836735
24 1442 0.22388059701492533
24 158 0.22321428571428573
24 780 0.22222222222222227
24 786 0.22222222222222224
24 846 0.22222222222222224
24 386 0.2222222222222222
24 444 0.2222222222222222
24 971 0.2222222222222222
24 636 0.22162162162162163
24 901 0.21951219512195125
24 528 0.21875000000000003
24 1192 0.2181818181818182
24 120 0.21666666666666665
24 1377 0.21666666666666665
24 1104 0.21621621621621623
24 502 0.2153846153846154
24 1454 0.2153846153846154
24 866 0.21428571428571425
24 1396 0.21212121212121215
24 1054 0.2116788321167883
24 159 0.21052631578947367
24 477 0.21052631578947367
24 681 0.21052631578947367
24 719 0.21052631578947367
24 770 0.21052631578947367
24 1042 0.21052631578947367
24 1127 0.21052631578947367
24 1189 0.21052631578947367
24 805 0.21052631578947367
24 296 0.21052631578947367
24 1083 0.21052631578947367
24 1205 0.21052631578947367
24 624 0.21000000000000002
24 639 0.2096774193548387
24 107 0.20930232558139533
24 964 0.20930232558139533
24 220 0.20833333333333334
24 351 0.20833333333333331
24 1144 0.2079207920792079
24 582 0.2077922077922078
24 452 0.20754716981132074
24 584 0.20689655172413796
24 731 0.20689655172413796
24 185 0.20388349514563103
24 508 0.2037037037037037
24 797 0.20238095238095238
24 178 0.20224719101123595
24 946 0.20202020202020202
24 446 0.20192307692307687
24 1124 0.2011834319526627
24 814 0.2
24 924 0.2
24 941 0.2
24 1129 0.2
24 1145 0.2
24 689 0.2
24 281 0.2
25 827 0.33333333333333337
25 565 0.29411764705882354
25 539 0.2631578947368421
25 1125 0.24999999999999997
25 459 0.23636363636363636
25 574 0.23076923076923078
25 1282 0.23076923076923078
25 1101 0.22580645161290322
25 454 0.22580645161290322
25 458 0.2142857142857143
25 538 0.2142857142857143
25 717 0.20833333333333331
25 469 0.20512820512820512
25 474 0.2037037037037037
25 1405 0.2
26 382 0.43859649122807015
26 565 0.4117647058823529
26 539 0.39473684210526316
26 1136 0.3870967741935484
26 454 0.3548387096774194
26 986 0.348314606741573
26 827 0.33333333333333337
26 1125 0.33333333333333337
26 883 0.32530120481927705
26 459 0.3090909090909091
26 509 0.3076923076923077
26 1282 0.3076923076923077
26 615 0.30434782608695654
26 114 0.3023255813953488
26 452 0.3018867924528302
26 806 0.29411764705882354
26 591 0.2903225806451613
26 73 0.2857142857142857
26 458 0.2857142857142857
26 538 0.2857142857142857
26 851 0.2727272727272727
26 445 0.2702702702702703
26 175 0.26666666666666666
26 1139 0.26666666666666666
26 1405 0.26666666666666666
26 608 0.2647058823529412
26 135 0.2631578947368421
26 526 0.25999999999999995
26 895 0.2586206896551724
26 254 0.2553191489361702
26 1170 0.2545454545454545
26 611 0.25
26 689 0.25
26 1121 0.24999999999999997
26 75 0.24
26 481 0.23999999999999996
26 451 0.23684210526315788
26 29 0.23529411764705882
26 1307 0.23529411764705882
26 574 0.23076923076923078
26 1051 0.22857142857142856
26 1413 0.2272727272727273
26 67 0.225
26 630 0.22429906542056074
26 1078 0.22033898305084745
26 461 0.21978021978021975
26 826 0.2191780821917808
26 1092 0.21666666666666667
26 1053 0.21621621621621623
26 72 0.21621621621621623
26 1089 0.21428571428571425
26 1171 0.20987654320987653
26 1081 0.20833333333333331
26 469 0.20512820512820512
26 1038 0.20270270270270271
26 434 0.2
26 1122 0.2
26 471 0.2
26 501 0.2
26 853 0.2
28 1004 0.30000000000000004
28 1280 0.26666666666666666
28 1076 0.25806451612903225
29 1004 0.45
29 1409 0.2962962962962963
29 1280 0.26666666666666666
29 1290 0.25
29 326 0.2459016393442623
29 54 0.22727272727272727
29 689 0.225
29 1225 0.2222222222222222
29 872 0.21818181818181817
29 336 0.21568627450980393
29 579 0.2043010752688172
29 993 0.2
30 663 0.54
30 853 0.52
30 564 0.4606741573033708
30 362 0.42424242424242425
30 1326 0.38461538461538464
30 1132 0.3823529411764706
30 1294 0.375
30 45 0.3571428571428571
30 565 0.35294117647058826
30 661 0.35238095238095235
30 1419 0.3520000000000001
30 503 0.3411764705882353
30 72 0.32432432432432434
30 1284 0.3125
30 488 0.3114754098360656
30 179 0.30612244897959184
30 1296 0.30000000000000004
30 1139 0.3
30 1103 0.3
30 1166 0.29411764705882354
30 1307 0.2941176470588235
30 51 0.2894736842105263
30 562 0.28735632183908044
30 175 0.2833333333333333
30 444 0.2777777777777778
30 566 0.2716049382716049
30 315 0.26785714285714285
30 1144 0.26732673267326734
30 596 0.26666666666666666
30 790 0.26530612244897955
30 501 0.25
30 489 0.25
30 446 0.24999999999999997
30 814 0.24999999999999997
30 576 0.2452830188679245
30 485 0.24390243902439024
30 812 0.24242424242424238
30 483 0.24050632911392406
30 1138 0.23809523809523808
30 479 0.23809523809523805
30 1327 0.23728813559322035
30 824 0.23529411764705882
30 77 0.23404255319148937
30 1140 0.23214285714285715
30 1224 0.22972972972972974
30 335 0.22619047619047616
30 530 0.225
30 1129 0.22499999999999998
30 1102 0.2222222222222222
30 309 0.2191780821917808
30 363 0.2181818181818182
30 894 0.2173913043478261
30 1191 0.21568627450980393
30 442 0.2156862745098039
30 1105 0.21126760563380284
30 469 0.20512820512820512
30 659 0.203125
30 1038 0.20270270270270271
30 448 0.20192307692307693
30 966 0.2
30 328 0.2
